1 0.22976126368695027 0.617124394184168 0.08616047388260636 0.029079159935379694
1 0.13785675821217017 0.4894991922455574 0.0804164422904326 0.025848142164781932
1 0.24124932687129777 0.0840064620355412 0.08616047388260639 0.019386106623586422
1 0.3518219350206426 0.8481421647819063 0.08903248967869316 0.042003231017770586
1 0.6907197989588942 0.9176090468497577 0.0775444264943458 0.04846526655896611
1 0.7941123676180218 0.5638126009693053 0.06605636330999828 0.03554119547657514
1 0.6720516962843297 0.5880452342487884 0.05744031592173755 0.022617124394184174
1 0.7697002333512835 0.6744749596122779 0.06318434751391123 0.037156704361873946
1 0.5097828038054208 0.5888529886914378 0.06605636330999821 0.02746365105008074
1 0.6347154909352001 0.4983844911147011 0.05744031592173741 0.046849757673667225
1 0.7180039490217196 0.5226171243941842 0.05744031592173769 0.030694668820678502
1 0.6806677436725902 0.22455573505654278 0.08616047388260625 0.029079159935379656
1 0.850116675641716 0.15831987075928916 0.06318434751391137 0.012924071082390931
1 0.45808651947585716 0.026655896607431336 0.07180039490217205 0.0210016155088853
1 0.2283252557889068 0.1308562197092084 0.04308023694130316 0.038772213247172865
0 0.46670256686411776 0.9224555735056543 0.048824268533476954 0.03231017770597745
0 0.42075031412672764 0.9765751211631664 0.048824268533476954 0.02746365105008067
0 0.6763597199784599 0.7552504038772213 0.048824268533476954 0.02746365105008067
0 0.614611380362592 0.5864297253634895 0.03446418955304267 0.025848142164781863
0 0.7898043439238915 0.1591276252019386 0.04595225273739004 0.033925686591276226
0 0.6462035541195477 0.16155088852988692 0.051696284329563795 0.02907915993537962
0 0.19242505833782086 0.8990306946688207 0.051696284329563795 0.027463651050080813
0 0.5313229222760725 0.3747980613893377 0.05744031592173748 0.03554119547657514
0 0.402082211452163 0.31421647819063003 0.05744031592173755 0.02746365105008078
0 0.3776700771854245 0.13570274636510501 0.054568300125650636 0.035541195476575124
0 0.5370669538682463 0.3045234248788368 0.051696284329563726 0.03715670436187399
0 0.6074313408723748 0.26009693053311794 0.04308023694130313 0.02907915993537962
0 0.34033387183629515 0.48626817447495957 0.048824268533476954 0.025848142164781932
0 0.4422904325973793 0.5912762520193862 0.051696284329563795 0.0387722132471729
0 0.18093699515347336 0.5638126009693053 0.04595225273739004 0.029079159935379694
0 0.14790881349847423 0.6098546042003231 0.04308023694130318 0.021001615508885293
0 0.8228325255788905 0.35379644588045234 0.025848142164781932 0.019386106623586415
0 0.5255788906838988 0.058966074313408716 0.040208221145216286 0.024232633279483044
