1 0.5270148985819422 0.45718901453958 0.060312331717824394 0.019386106623586415
1 0.4523424878836833 0.6768982229402262 0.06031233171782446 0.019386106623586558
1 0.22545323999281996 0.58562197092084 0.06605636330999819 0.014539579967689847
1 0.5428109854604201 0.7625201938610663 0.051696284329563864 0.016155088852988796
1 0.34894991922455576 0.35864297253634897 0.048824268533476954 0.022617124394184174
1 0.5729671513193323 0.4079159935379644 0.054568300125650705 0.03392568659127626
1 0.8056004308023694 0.37964458804523415 0.05456830012565078 0.016155088852988726
1 0.4092622509423801 0.6058158319870759 0.06031233171782446 0.016155088852988653
1 0.7783162807395441 0.3634894991922455 0.04595225273739004 0.012924071082390966
1 0.6533835936097648 0.16478190630048462 0.048824268533477024 0.03231017770597736
1 0.5385029617662898 0.11873990306946687 0.043080236941303196 0.03392568659127626
1 0.8687847783162808 0.2366720516962843 0.054568300125650636 0.01777059773828757
1 0.45808651947585716 0.18336025848142165 0.043080236941303196 0.017770597738287534
1 0.26566146113803624 0.20113085621970922 0.06031233171782443 0.021001615508885293
1 0.2828935559145575 0.49273021001615513 0.05456830012565067 0.025848142164781932
1 0.601687309280201 0.13893376413570274 0.048824268533476885 0.022617124394184174
1 0.6318434751391133 0.24313408723747978 0.040208221145216286 0.030694668820678502
1 0.46239454316998746 0.3174474959612278 0.04595225273739011 0.02746365105008074
0 0.5341949380721595 0.6243941841680128 0.040208221145216286 0.024232633279482982
0 0.6878477831628074 0.5831987075928918 0.06031233171782446 0.025848142164781932
0 0.32453778495781727 0.5516962843295637 0.03446418955304253 0.024232633279483055
0 0.22401723209477653 0.49273021001615513 0.04595225273739008 0.022617124394184174
0 0.2053491294202118 0.4652665589660743 0.03733620534912941 0.019386106623586415
0 0.19242505833782086 0.4248788368336026 0.03446418955304253 0.019386106623586415
0 0.5815831987075929 0.2827140549273021 0.043080236941303196 0.019386106623586415
0 0.4293663615149883 0.5638126009693053 0.03159217375695562 0.019386106623586485
0 0.5341949380721595 0.1825525040387722 0.034464189553042604 0.02907915993537962
0 0.35038592712259914 0.5953150242326333 0.04595225273739011 0.021001615508885293
0 0.614611380362592 0.654281098546042 0.03446418955304267 0.02584814216478179
0 0.4106982588404236 0.1841680129240711 0.040208221145216286 0.029079159935379656
0 0.3618739903069467 0.7382875605815832 0.040208221145216355 0.029079159935379694
0 0.22976126368695027 0.15993537964458804 0.03446418955304256 0.01615508885298869
0 0.2872015796086878 0.22536348949919222 0.04020822114521632 0.021001615508885293
0 0.4264943457189014 0.7714054927302101 0.043080236941303196 0.027463651050080813
0 0.7395440674923711 0.2972536348949919 0.025848142164781932 0.022617124394184174
0 0.8458086519475857 0.26090468497576735 0.037336205349129445 0.017770597738287534
0 0.7108239095315024 0.2544426494345719 0.03159217375695562 0.024232633279483055
0 0.7022078621432418 0.12116316639741517 0.03159217375695562 0.022617124394184174
0 0.8572967151319333 0.4135702746365105 0.04882426853347681 0.025848142164781863
0 0.8774008257045415 0.49273021001615513 0.0373362053491293 0.025848142164781932
0 0.7653922096571532 0.7075928917609048 0.04308023694130313 0.019386106623586415
