1 0.22976126368695027 0.05411954765751212 0.09764853706695387 0.01777059773828757
1 0.6677436725901993 0.18820678513731826 0.07754442649434573 0.030694668820678502
1 0.8472446598456291 0.1284329563812601 0.06892837910608506 0.01777059773828755
1 0.33746185604020823 0.8174474959612277 0.07754442649434573 0.03877221324717283
1 0.604559325076288 0.9693053311793216 0.07180039490217198 0.022617124394184174
1 0.509782803805421 0.5605815831987077 0.08328845808651948 0.025848142164781932
1 0.22114521629868963 0.5920840064620356 0.07467241069825882 0.030694668820678502
1 0.6203554119547657 0.46607431340872374 0.06892837910608499 0.04038772213247171
1 0.7122599174295459 0.4943457189014539 0.07467241069825875 0.03554119547657514
1 0.7883683360258482 0.5355411954765752 0.07180039490217198 0.04361873990306947
1 0.6749237120804165 0.8852988691437802 0.08616047388260625 0.051696284329563864
1 0.7553401543708489 0.6397415185783523 0.07467241069825875 0.042003231017770586
1 0.12924071082390953 0.4555735056542811 0.08616047388260634 0.03231017770597738
1 0.21827320050260277 0.09854604200323103 0.04595225273739004 0.0323101777059774
0 0.3776700771854245 0.4523424878836833 0.048824268533476954 0.03231017770597738
0 0.330281816549991 0.45476575121163165 0.04595225273739004 0.024232633279483055
0 0.16944893196912583 0.531502423263328 0.04595225273739006 0.029079159935379694
0 0.13785675821217017 0.5783521809369951 0.03446418955304255 0.03231017770597738
0 0.23263327948303714 0.5460420032310178 0.03446418955304253 0.022617124394184174
0 0.43367438520911866 0.561389337641357 0.03446418955304253 0.024232633279483124
0 0.46383055106803084 0.7189014539579969 0.037336205349129445 0.019386106623586415
0 0.5212708669897684 0.3416801292407108 0.054568300125650636 0.02746365105008074
0 0.44947047208759644 0.8909531502423264 0.054568300125650705 0.03392568659127619
0 0.1866810267456471 0.8699515347334409 0.05744031592173755 0.027463651050080813
0 0.5700951355232453 0.15105008077544427 0.07180039490217205 0.024232633279483037
0 0.6390235146293304 0.13166397415185785 0.04882426853347681 0.024232633279483037
0 0.36761802189912046 0.1009693053311793 0.051696284329563795 0.03392568659127624
0 0.3977741877580327 0.28190630048465265 0.048824268533476885 0.02746365105008078
0 0.5945072697899839 0.22940226171243944 0.04595225273738997 0.022617124394184174
0 0.8156524860886735 0.3247172859450727 0.051696284329563864 0.025848142164781897
0 0.6677436725901993 0.7237479806138932 0.03159217375695562 0.022617124394184174
0 0.6103033566684616 0.5565428109854604 0.037336205349129445 0.021001615508885293
0 0.7854963202297615 0.12520193861066237 0.04308023694130313 0.03069466882067852
