1 0.16657691617303896 0.8142164781906299 0.0689283791060851 0.016155088852988653
1 0.25704541374977563 0.9426494345718902 0.08903248967869323 0.024232633279483055
1 0.5370669538682463 0.9071082390953151 0.08616047388260632 0.024232633279483055
1 0.6533835936097648 0.8174474959612277 0.06031233171782446 0.03877221324717283
1 0.8127804702925866 0.8869143780290791 0.051696284329563864 0.03877221324717283
1 0.7409800753904148 0.8449111470113086 0.06318434751391137 0.019386106623586415
1 0.6921558068569377 0.5516962843295637 0.05744031592173769 0.017770597738287534
1 0.6189194040567223 0.27059773828756056 0.0890324896786931 0.01453957996768981
1 0.670615688386286 0.3198707592891761 0.031592173756955756 0.04200323101777055
1 0.2872015796086878 0.43295638126009695 0.08616047388260636 0.016155088852988653
1 0.7941123676180218 0.23263327948303714 0.08903248967869332 0.03554119547657514
1 0.7022078621432419 0.12762520193861066 0.06605636330999815 0.03231017770597738
1 0.3819781008795548 0.6284329563812602 0.08041644229043257 0.019386106623586415
1 0.8788368336025849 0.3675282714054927 0.06318434751391137 0.030694668820678502
0 0.5514270328486807 0.6906300484652665 0.05744031592173762 0.04038772213247171
0 0.4092622509423802 0.8061389337641357 0.043080236941303196 0.03231017770597731
0 0.425058337820858 0.15024232633279483 0.0631843475139113 0.035541195476575124
0 0.46239454316998746 0.9119547657512116 0.04595225273739011 0.03069466882067843
0 0.17806497935738647 0.932956381260097 0.04595225273739006 0.037156704361873946
0 0.7811882965356309 0.5920840064620356 0.04595225273739018 0.024232633279483055
0 0.5370669538682463 0.5113085621970921 0.04595225273739004 0.027463651050080813
0 0.4121342667384671 0.4773828756058158 0.060312331717824394 0.03069466882067857
0 0.35756596661281637 0.3521809369951535 0.054568300125650705 0.03554119547657514
0 0.21827320050260277 0.3255250403877221 0.051696284329563795 0.033925686591276226
0 0.2828935559145575 0.1922455573505654 0.048824268533476954 0.025848142164781897
0 0.16657691617303894 0.21486268174474957 0.04595225273739002 0.029079159935379656
0 0.189553042541734 0.17689822294022617 0.05169628432956383 0.030694668820678502
0 0.6117393645665051 0.7358642972536349 0.040208221145216425 0.030694668820678714
0 0.558607072338898 0.6284329563812601 0.04308023694130313 0.02907915993537962
0 0.6217914198528092 0.5904684975767367 0.048824268533476954 0.027463651050080813
0 0.5973792855860708 0.5161550888529887 0.04595225273739004 0.02746365105008074
0 0.660563633099982 0.5 0.05744031592173741 0.027463651050080813
0 0.7136959253275893 0.4192245557350565 0.04882426853347709 0.024232633279483055
0 0.6375875067312871 0.20516962843295639 0.051696284329563656 0.02907915993537962
0 0.6792317357745468 0.04684975767366721 0.054568300125650636 0.025848142164781908
0 0.46383055106803084 0.0420032310177706 0.048824268533476954 0.0258481421647819
0 0.24986537425955846 0.14054927302100162 0.04020822114521632 0.022617124394184174
0 0.5499910249506372 0.37560581583198704 0.048824268533476954 0.024232633279483055
