1 0.5183988511936817 0.4135702746365105 0.054568300125650705 0.022617124394184174
1 0.4537784957817268 0.6179321486268176 0.06318434751391137 0.017770597738287607
1 0.6749237120804165 0.6074313408723748 0.06318434751391123 0.016155088852988726
1 0.35900197451085986 0.32310177705977383 0.051696284329563795 0.019386106623586377
1 0.23981331897325434 0.5339256865912763 0.05456830012565067 0.017770597738287534
1 0.30299766648716564 0.4531502423263328 0.04882426853347692 0.024232633279483055
1 0.11631663974151857 0.5282714054927302 0.06031233171782446 0.019386106623586415
1 0.4078262430443367 0.5549273021001615 0.0631843475139113 0.011308562197092087
1 0.48680667743672595 0.5525040387722132 0.037336205349129445 0.029079159935379694
1 0.5370669538682462 0.09693053311793215 0.040208221145216286 0.022617124394184174
1 0.5614790881349847 0.3683360258481422 0.048824268533476885 0.03231017770597738
1 0.7826243044336744 0.3400646203554119 0.04882426853347709 0.017770597738287607
1 0.8400646203554121 0.2075928917609047 0.05456830012565078 0.01777059773828757
1 0.27284150062825346 0.17366720516962844 0.0689283791060851 0.02746365105008076
1 0.8671949439259617 0.6596517617523958 0.041602404257821204 0.013718034162600503
1 0.6361514988332436 0.1421647819063005 0.048824268533476885 0.03231017770597738
0 0.36905402979716384 0.672859450726979 0.037336205349129375 0.024232633279482912
0 0.473882606354335 0.7875605815831986 0.034464189553042604 0.017770597738287534
1 0.6784029120134398 0.3738084921731175 0.05083134211051714 0.012096881896493272
0 0.5865154858905819 0.4298940355114043 0.03910103239270548 0.02309404725694165
0 0.36461712706197846 0.7746551695614622 0.021505567815988016 0.01099716536044852
0 0.5718525987433175 0.2512852284862462 0.037145980773070235 0.01869518111276232
0 0.41153836593322507 0.15835918119045714 0.037145980773070096 0.010997165360448414
1 0.6207288892341992 0.21499458279676645 0.03323587753379961 0.025293480329031334
0 0.425223727270672 0.37060447264711144 0.037145980773070165 0.02639319686507626
0 0.19355011034389208 0.4662798112830127 0.03128082591416437 0.024193763792986614
0 0.6715602313447164 0.5317129451776808 0.037145980773070165 0.02089461418485193
0 0.7507398219399449 0.5069693231166719 0.03128082591416444 0.01979489764880725
0 0.8308969383449911 0.5042200317765597 0.03910103239270555 0.02309404725694165
0 0.8436047738726203 0.44978406324234 0.03323587753379968 0.021994330720896828
0 0.5259088856818885 0.15670960638638987 0.03519092915343492 0.020894614184851987
0 0.27077464931948536 0.2430373544659099 0.025415671055258535 0.01759546457671746
0 0.2639319686507619 0.3513594332663268 0.0312808259141644 0.02309404725694165
0 0.460958535271944 0.6631663974151857 0.048824268533476954 0.017770597738287534
0 0.6103033566684617 0.722940226171244 0.04308023694130327 0.017770597738287534
0 0.5399389696643331 0.48222940226171246 0.028720157960868777 0.014539579967689847
0 0.6404595225273739 0.2479806138933764 0.02297612636869509 0.01777059773828757
0 0.4293663615149883 0.5169628432956381 0.03159217375695562 0.016155088852988726
0 0.43511039310716204 0.2617124394184168 0.025848142164781932 0.012924071082390966
0 0.8630407467241069 0.42326332794830374 0.03159217375695562 0.025848142164781932
0 0.6131753724645485 0.567043618739903 0.03159217375695569 0.022617124394184174
1 0.7165679411236762 0.2641357027463651 0.037336205349129445 0.021001615508885293
1 0.732364028002154 0.4749596122778675 0.04595225273739004 0.016155088852988726
