1 0.3360258481421648 0.7762520193861066 0.0804164422904326 0.037156704361873946
1 0.22114521629868963 0.9822294022617125 0.040208221145216286 0.03554119547657507
1 0.5988152934841142 0.9248788368336025 0.08903248967869332 0.024232633279483055
1 0.6706156883862862 0.8432956381260097 0.054568300125650636 0.04846526655896611
1 0.21396517680847246 0.5484652665589661 0.0890324896786932 0.03715670436187402
1 0.5026027643152038 0.5201938610662359 0.08041644229043257 0.03231017770597738
1 0.1278047029258661 0.4208400646203554 0.07180039490217194 0.024232633279483055
1 0.6246634356488961 0.42568659127625197 0.048824268533476885 0.04361873990306954
1 0.7050798779393287 0.45476575121163165 0.06031233171782446 0.027463651050080813
1 0.7811882965356309 0.4959612277867528 0.05744031592173755 0.0387722132471729
1 0.7596481780649793 0.6058158319870759 0.06605636330999815 0.03554119547657514
1 0.6720516962843296 0.15024232633279483 0.08616047388260632 0.025848142164781915
1 0.21827320050260277 0.058158319870759284 0.03446418955304253 0.035541195476575124
0 0.4279303536169449 0.5201938610662359 0.040208221145216286 0.03231017770597738
0 0.4092622509423802 0.8012924071082392 0.054568300125650636 0.029079159935379694
0 0.4537784957817268 0.849757673667205 0.051696284329563864 0.025848142164781932
0 0.7237479806138934 0.8683360258481422 0.04595225273739004 0.03392568659127619
0 0.6088673487704181 0.5153473344103392 0.040208221145216286 0.03231017770597738
0 0.5183988511936817 0.23263327948303714 0.043080236941303196 0.03554119547657514
0 0.5930712618919405 0.1938610662358643 0.04308023694130313 0.02907915993537962
0 0.6375875067312871 0.08723747980613894 0.051696284329563656 0.03554119547657511
0 0.39059414826781547 0.2423263327948304 0.04595225273739004 0.029079159935379656
0 0.18668102674564707 0.8255250403877221 0.04595225273739008 0.03231017770597731
0 0.2268892478908634 0.5040387722132472 0.05744031592173762 0.022617124394184174
0 0.16944893196912583 0.4894991922455574 0.04595225273739006 0.019386106623586415
0 0.13498474241608327 0.5387722132471728 0.05744031592173755 0.02746365105008074
0 0.8099084544964998 0.2835218093699515 0.05744031592173755 0.03392568659127626
0 0.7797522886375876 0.0840064620355412 0.048824268533476954 0.03554119547657511
0 0.7941123676180218 0.17043618739903071 0.054568300125650636 0.02746365105008076
0 0.19242505833782086 0.7568659127625201 0.04595225273739004 0.024232633279482912
0 0.22258122419673307 0.20597738287560582 0.03733620534912941 0.01777059773828757
0 0.35900197451085986 0.060581583198707586 0.051696284329563795 0.02746365105008078
