1 0.6935918147549812 0.29806138933764137 0.054568300125650636 0.02746365105008078
1 0.7826243044336744 0.394184168012924 0.07180039490217183 0.022617124394184174
1 0.614611380362592 0.4264943457189015 0.0631843475139113 0.022617124394184174
1 0.19242505833782086 0.9450726978998384 0.06892837910608506 0.029079159935379694
1 0.6533835936097648 0.9466882067851372 0.048824268533477024 0.04523424878836835
1 0.7352360437982409 0.9725363489499194 0.07467241069825889 0.025848142164781932
1 0.8659127625201939 0.8659127625201939 0.03159217375695562 0.03554119547657507
1 0.6904438683583658 0.6922020667269305 0.07751344883856902 0.020993225727112586
1 0.6617351836033402 0.4717731965922496 0.03157955323052832 0.03875672441928458
1 0.307182926878774 0.5791616205040172 0.08612605426507688 0.020993225727112517
1 0.11796003223758947 0.5201882128630604 0.05976641633371202 0.015924604352074496
1 0.8799818404924175 0.11368398106897684 0.058193615903877574 0.013270503626728818
1 0.18873605158014314 0.14907199074025368 0.059766416333711964 0.025656307011675743
0 0.3774721031602863 0.5007403368485673 0.05976641633371194 0.03361860918771299
1 0.8037010196454429 0.5210884424095513 0.05032961375470464 0.008847002417819211
0 0.478131330669696 0.21984801008280738 0.05976641633371194 0.02388690652811192
0 0.6212561697846378 0.22781031225884465 0.05032961375470485 0.02565630701167571
0 0.24614326726910335 0.4790651809249102 0.051902414184539364 0.025656307011675636
0 0.2429976664094343 0.5272813441020249 0.048756813324870335 0.01946340531920221
0 0.1446976395447764 0.4405807204073966 0.047184012895035786 0.026541007253457635
0 0.6377705742979003 0.36892000082306103 0.04561121246520116 0.02123280580276614
0 0.3806177040199553 0.12916623530016047 0.05032961375470478 0.0265410072534576
0 0.31927848725640884 0.055293765111370054 0.04089281117569772 0.02565630701167571
0 0.5386841472183252 0.08758532393641018 0.0393200107458631 0.021232805802766094
0 0.3122008853221534 0.4335031184731413 0.051902414184539364 0.021232805802766066
0 0.6739449841840945 0.2264832618961718 0.02988320816685601 0.0265410072534576
0 0.2665896728569522 0.3322049407891113 0.04561121246520124 0.023886906528111852
0 0.7282065990133856 0.4441195213745243 0.044038412035366716 0.026541007253457635
0 0.44431612142825366 0.19197995246667687 0.03617440988619407 0.0212328058027661
0 0.47262652916527514 0.027425707495239555 0.03932001074586324 0.026541007253457635
0 0.5643511039310717 0.8287560581583199 0.054568300125650566 0.035541195476575214
0 0.5614790881349847 0.7657512116316638 0.037336205349129445 0.025848142164781932
0 0.29581762699694847 0.7423263327948304 0.04595225273739004 0.03392568659127619
0 0.11631663974151857 0.7762520193861066 0.03159217375695565 0.037156704361873946
