1 0.36043798240890323 0.9701130856219708 0.08328845808651948 0.03392568659127633
1 0.5241428827858553 0.7019386106623585 0.07180039490217198 0.03392568659127633
1 0.23981331897325434 0.7342487883683362 0.08328845808651948 0.03392568659127633
1 0.1464728056004308 0.6066235864297254 0.06892837910608506 0.021001615508885223
1 0.6490755699156345 0.6138933764135703 0.04595225273739011 0.04523424878836828
1 0.7309280201041106 0.6397415185783522 0.06605636330999828 0.022617124394184174
1 0.6103033566684616 0.03069466882067851 0.08903248967869323 0.01938610662358643
1 0.663435648896069 0.08562197092084006 0.04595225273739004 0.04523424878836833
1 0.6964638305510681 0.33925686591276244 0.08903248967869316 0.022617124394184104
1 0.25848142164781907 0.20920840064620352 0.08041644229043257 0.021001615508885293
1 0.8056004308023694 0.6768982229402262 0.06031233171782446 0.04523424878836835
0 0.27571351642434033 0.7697899838449112 0.05744031592173755 0.027463651050080813
0 0.45521450367977023 0.7705977382875605 0.054568300125650705 0.029079159935379694
0 0.4523424878836833 0.7059773828756057 0.06031233171782446 0.042003231017770586
0 0.22401723209477653 0.8408723747980613 0.05169628432956383 0.027463651050080813
0 0.6016873092802011 0.5355411954765751 0.06605636330999821 0.03392568659127626
0 0.5428109854604201 0.4903069466882068 0.0631843475139113 0.027463651050080813
0 0.6117393645665051 0.45718901453958 0.04595225273739011 0.019386106623586415
0 0.5471190091545504 0.4208400646203554 0.037336205349129375 0.027463651050080813
0 0.5212708669897684 0.29321486268174474 0.048824268533476954 0.030694668820678502
0 0.39059414826781547 0.2568659127625202 0.0631843475139113 0.03231017770597738
0 0.1579608687847783 0.3893376413570275 0.06318434751391129 0.025848142164781932
0 0.6548196015078083 0.284329563812601 0.05744031592173762 0.029079159935379656
0 0.5385029617662898 0.1470113085621971 0.048824268533476885 0.02907915993537964
0 0.46239454316998746 0.345718901453958 0.06892837910608512 0.025848142164781932
0 0.330281816549991 0.11873990306946687 0.0631843475139113 0.03392568659127626
0 0.1866810267456471 0.0936995153473344 0.05744031592173755 0.025848142164781897
0 0.37623406928738107 0.16962843295638122 0.05744031592173755 0.03231017770597736
0 0.6174833961586789 0.37964458804523415 0.03446418955304253 0.03231017770597738
0 0.7180039490217197 0.19628432956381262 0.03446418955304253 0.02100161550888533
0 0.4954227248249865 0.2229402261712439 0.037336205349129445 0.025848142164781897
0 0.1493448213965177 0.29321486268174474 0.05744031592173759 0.03392568659127626
0 0.402082211452163 0.6009693053311793 0.051696284329563795 0.029079159935379694
0 0.7969843834141088 0.2802907915993538 0.054568300125650636 0.030694668820678537
