1 0.3345898402441213 0.6567043618739903 0.07180039490217198 0.046849757673667225
1 0.23119727158499373 0.8546042003231018 0.048824268533476954 0.03877221324717283
1 0.5858912224017232 0.7964458804523425 0.08616047388260632 0.019386106623586415
1 0.6045593250762878 0.32956381260096934 0.04308023694130313 0.038772213247172865
1 0.2211452162986896 0.4402261712439418 0.0804164422904326 0.027463651050080813
1 0.758212170166936 0.39256865912762523 0.05744031592173741 0.03231017770597738
1 0.6892837910608509 0.3554119547657512 0.06318434751391137 0.019386106623586415
1 0.4954227248249865 0.41033925686591277 0.054568300125650636 0.022617124394184174
1 0.6519475857117214 0.058966074313408716 0.07467241069825875 0.01453957996768982
1 0.7338000359001975 0.4935379644588045 0.06031233171782446 0.04038772213247178
1 0.13211272661999635 0.32148626817447484 0.06892837910608507 0.03554119547657488
1 0.6533835936097648 0.7197092084006462 0.0718003949021719 0.05008077544426499
0 0.4422904325973793 0.7294022617124395 0.051696284329563795 0.03069466882067857
0 0.425058337820858 0.4773828756058158 0.04595225273739004 0.024232633279483055
0 0.3704900376952074 0.3166397415185784 0.05744031592173762 0.0355411954765751
0 0.5945072697899839 0.4111470113085622 0.04595225273738997 0.037156704361873946
0 0.5772751750134626 0.09854604200323103 0.03446418955304253 0.025848142164781915
0 0.6462035541195477 0.5726978998384491 0.03446418955304246 0.024232633279483055
0 0.19242505833782086 0.7019386106623585 0.03446418955304253 0.021001615508885293
0 0.4465984562915096 0.9636510500807753 0.043080236941303196 0.027463651050080813
0 0.6978998384491115 0.8214862681744749 0.04595225273739004 0.024232633279482912
0 0.6246634356488961 0.9103392568659129 0.037336205349129445 0.021001615508885293
0 0.2886375875067313 0.9450726978998384 0.05456830012565075 0.03877221324717297
0 0.153652845090648 0.8562197092084005 0.048824268533476954 0.022617124394184174
0 0.5140908274995514 0.13893376413570274 0.04595225273739011 0.03231017770597738
0 0.7768802728415006 0.07835218093699516 0.04308023694130327 0.02746365105008078
0 0.22832525578890686 0.11147011308562195 0.054568300125650705 0.025848142164781915
0 0.39059414826781547 0.15024232633279483 0.040208221145216286 0.025848142164781915
