1 0.46383055106803084 0.7600969305331179 0.07180039490217198 0.021001615508885435
1 0.6777957278765032 0.8505654281098546 0.05744031592173755 0.021001615508885293
1 0.5442469933584635 0.512924071082391 0.07180039490217198 0.021001615508885293
1 0.5901992460958535 0.4588045234248789 0.06031233171782446 0.02907915993537962
1 0.4695745826602046 0.2116316639741518 0.06031233171782446 0.01938610662358645
1 0.5600430802369413 0.1381260096930533 0.051696284329563864 0.04038772213247174
1 0.2556094058517322 0.2318255250403877 0.0689283791060851 0.024232633279483055
1 0.6203554119547658 0.1631663974151858 0.040208221145216286 0.02907915993537964
1 0.8499230876005969 0.42931254116235196 0.06357152359615062 0.020211751277884295
1 0.6844980877142026 0.19333559181116505 0.044641179633534735 0.03208584786160326
1 0.5914956301443383 0.21286610790083657 0.05208137623912428 0.018135479226123543
1 0.5034533036448664 0.6809009756211798 0.029760786422356703 0.05022132708772688
1 0.7725404142136745 0.7365794639533269 0.06200163837990957 0.01674044236257572
1 0.660937465129837 0.27830985427781946 0.04216111409833857 0.029295774134507263
1 0.7303793001153359 0.4659423124250212 0.05704150730951682 0.011160294908383718
0 0.7783162807395441 0.5258481421647819 0.04595225273739004 0.02746365105008074
1 0.6289714593430265 0.531502423263328 0.03446418955304246 0.025848142164781932
1 0.2685334769341231 0.5581583198707593 0.06031233171782443 0.03392568659127626
0 0.3546939508167295 0.8287560581583199 0.04308023694130313 0.019386106623586558
0 0.6519475857117214 0.6930533117932148 0.040208221145216216 0.025848142164781932
0 0.34176987973433853 0.667205169628433 0.06318434751391135 0.025848142164781932
0 0.14790881349847423 0.5759289176090469 0.04308023694130318 0.024232633279483055
0 0.4106982588404236 0.21486268174474957 0.040208221145216286 0.025848142164781932
0 0.6016873092802011 0.31906300484652667 0.037336205349129445 0.02746365105008074
0 0.6835397594686771 0.3158319870759289 0.028720157960868704 0.030694668820678464
0 0.3345898402441213 0.43376413570274636 0.054568300125650636 0.027463651050080813
0 0.2369413031771675 0.43941841680129246 0.04308023694130316 0.02907915993537962
0 0.5284509064799857 0.07996768982229402 0.051696284329563726 0.027463651050080768
0 0.3747980613893376 0.13166397415185785 0.04308023694130313 0.027463651050080796
0 0.7251839885119368 0.6558966074313409 0.037336205349129445 0.02261712439418403
0 0.7438520911865015 0.2867528271405493 0.03446418955304253 0.030694668820678537
0 0.732364028002154 0.14297253634894994 0.04595225273739004 0.01777059773828755
0 0.5183988511936817 0.3933764135702746 0.03159217375695555 0.021001615508885293
0 0.4279303536169449 0.4612277867528271 0.040208221145216286 0.024232633279483055
0 0.5327589301741159 0.8715670436187398 0.048824268533476885 0.024232633279483055
0 0.43798240890324897 0.33117932148626816 0.04308023694130313 0.025848142164781897
0 0.26278944534194937 0.19628432956381262 0.054568300125650705 0.024232633279483017
0 0.4781906300484653 0.03957996768982229 0.043080236941303196 0.027463651050080768
