1 0.5270148985819422 0.7738287560581583 0.08328845808651948 0.029079159935379552
1 0.24124932687129777 0.8053311793214862 0.09190450547478012 0.024232633279482912
1 0.6418955304254174 0.6849757673667206 0.060312331717824394 0.042003231017770586
1 0.7352360437982409 0.7092084006462036 0.06892837910608506 0.025848142164781932
1 0.6978998384491115 0.4135702746365105 0.06892837910608521 0.025848142164781863
1 0.663435648896069 0.16639741518578355 0.040208221145216216 0.048465266558966075
1 0.6088673487704181 0.11227786752827139 0.08616047388260646 0.014539579967689828
1 0.153652845090648 0.6777059773828756 0.08328845808651948 0.02746365105008067
1 0.3733620534912942 0.4943457189014539 0.08041644229043257 0.019386106623586485
1 0.26566146113803624 0.2867528271405493 0.07754442649434573 0.01777059773828757
1 0.8056004308023694 0.7487883683360258 0.05456830012565078 0.04361873990306961
1 0.7510321306767187 0.8667205169628432 0.03159217375695562 0.04361873990306947
0 0.39346616406390234 0.33521809369951533 0.06318434751391137 0.04038772213247171
0 0.6002513013821575 0.6025848142164781 0.06892837910608521 0.03554119547657514
0 0.5442469933584635 0.5597738287560581 0.05456830012565078 0.03392568659127626
0 0.5313229222760725 0.7197092084006462 0.05744031592173748 0.02746365105008067
0 0.45521450367977023 0.777059773828756 0.037336205349129445 0.03231017770597745
0 0.4049542272482498 0.6720516962843294 0.051696284329563864 0.025848142164781932
0 0.35325794291868606 0.6680129240710824 0.051696284329563795 0.02746365105008067
0 0.2570454137497756 0.7625201938610661 0.04882426853347692 0.019386106623586415
0 0.19529707413390773 0.7471728594507269 0.051696284329563795 0.024232633279483055
0 0.5442469933584634 0.4943457189014539 0.037336205349129375 0.02907915993537962
0 0.5255788906838988 0.3691437802907916 0.040208221145216286 0.02746365105008074
1 0.883144857296715 0.215670436187399 0.06031233171782446 0.027463651050080813
0 0.8285765571710644 0.5420032310177706 0.054568300125650636 0.037156704361873946
0 0.6619996409980254 0.35783521809369945 0.04308023694130313 0.02746365105008074
0 0.5428109854604201 0.22374798061389334 0.051696284329563864 0.024232633279483017
0 0.5830192066056363 0.33844911147011303 0.04595225273739011 0.030694668820678502
0 0.16370490037695207 0.7980613893376415 0.04595225273739008 0.029079159935379694
0 0.23119727158499373 0.9103392568659128 0.07180039490217194 0.03069466882067843
0 0.3388978639382516 0.20032310177705973 0.0631843475139113 0.029079159935379656
0 0.19816908992999457 0.172859450726979 0.05169628432956383 0.03231017770597736
0 0.1852450188476037 0.23021001615508888 0.05456830012565067 0.030694668820678537
0 0.3862861245736851 0.25121163166397414 0.048824268533476954 0.024232633279483055
0 0.4954227248249865 0.30048465266558966 0.04308023694130313 0.025848142164781932
0 0.7481601148806319 0.33117932148626816 0.0373362053491293 0.025848142164781897
0 0.5428109854604201 0.2552504038772213 0.04595225273738997 0.02907915993537962
0 0.26135343744390593 0.033925686591276254 0.05744031592173759 0.02907915993537964
