1 0.5230644863501034 0.6701727267663716 0.07994806783237351 0.026791107837444345
1 0.23644215805744523 0.7055752621229945 0.0816490905522112 0.026791107837444345
1 0.6455381221784202 0.5826232136547235 0.05273170431496979 0.039229836476257635
1 0.8037332351233295 0.6481657453284712 0.045927613435618894 0.04210031231598386
1 0.14458693118620758 0.5773606746152253 0.07484499967286029 0.017222855038357066
1 0.3575659666128164 0.9386106623586429 0.08328845808651948 0.025848142164781932
1 0.25704541374977563 0.17851373182552505 0.06605636330999821 0.021001615508885293
1 0.6619996409980254 0.052504038772213255 0.031592173756955756 0.040387722132471736
1 0.7467241069825886 0.0864297253634895 0.03446418955304253 0.050080775444264945
1 0.7309280201041105 0.6130856219709209 0.0775444264943458 0.03392568659127619
1 0.8845808651947584 0.10420032310177704 0.05744031592173755 0.02746365105008078
1 0.6878477831628074 0.3077544426494346 0.07180039490217183 0.030694668820678502
1 0.8156524860886735 0.11470113085621972 0.051696284329563864 0.01615508885298871
1 0.24699335846347154 0.2172859450726979 0.03446418955304253 0.03715670436187399
0 0.5413749775623765 0.39256865912762523 0.048824268533476885 0.03231017770597738
0 0.5399389696643332 0.4579967689822294 0.05744031592173755 0.03715670436187402
0 0.6031233171782445 0.5016155088852989 0.051696284329563795 0.037156704361873946
0 0.3877221324717286 0.22778675282714056 0.0631843475139113 0.025848142164781932
0 0.44516244839346614 0.6720516962843296 0.051696284329563795 0.03554119547657507
0 0.7022078621432418 0.8190630048465266 0.06031233171782446 0.029079159935379552
0 0.212529168910429 0.9159935379644588 0.04595225273739008 0.03231017770597731
0 0.2225812241967331 0.8093699515347333 0.06031233171782446 0.025848142164781932
0 0.34607790342846884 0.5702746365105008 0.060312331717824394 0.019386106623586485
0 0.4135702746365105 0.8012924071082392 0.051696284329563795 0.016155088852988653
0 0.44803446418955306 0.8497576736672052 0.0631843475139113 0.02261712439418403
0 0.2742775085262969 0.9038772213247174 0.04308023694130313 0.027463651050080813
0 0.6318434751391133 0.6704361873990308 0.051696284329563726 0.025848142164781932
0 0.24986537425955846 0.6179321486268174 0.0689283791060851 0.024232633279483055
0 0.1278047029258661 0.8481421647819063 0.04882426853347693 0.03231017770597731
0 0.519834859091725 0.2617124394184168 0.051696284329563795 0.042003231017770586
0 0.34894991922455576 0.3045234248788368 0.054568300125650636 0.04038772213247171
0 0.6088673487704184 0.3481421647819063 0.04595225273739011 0.03715670436187402
0 0.3747980613893376 0.13893376413570274 0.04308023694130313 0.03554119547657514
0 0.1464728056004308 0.26009693053311794 0.06892837910608506 0.038772213247172865
0 0.12062466343564889 0.19870759289176088 0.05744031592173755 0.03231017770597738
1 0.1651409082749955 0.7358642972536349 0.07180039490217198 0.024232633279483197
0 0.40064620355411956 0.345718901453958 0.048824268533476954 0.02907915993537962
0 0.6103033566684617 0.4305331179321486 0.06031233171782446 0.03392568659127626
0 0.4279303536169449 0.9676898222940227 0.05744031592173748 0.025848142164781932
0 0.7438520911865015 0.2205169628432956 0.05744031592173769 0.04361873990306947
