1 0.5801471908095495 0.7431340872374799 0.08616047388260632 0.04846526655896611
1 0.34176987973433853 0.6106623586429726 0.08616047388260632 0.04846526655896603
1 0.2369413031771675 0.7980613893376414 0.04308023694130316 0.04523424878836835
1 0.48106264584455216 0.3683360258481422 0.06605636330999821 0.02907915993537962
1 0.529886914378029 0.9563812600969306 0.025848142164781932 0.04846526655896611
1 0.5930712618919404 0.2835218093699515 0.06031233171782446 0.04684975767366719
1 0.6749237120804165 0.31098546042003233 0.04595225273739004 0.03392568659127626
1 0.7467241069825884 0.3473344103392569 0.051696284329563864 0.03877221324717283
1 0.6390235146293306 0.667205169628433 0.06031233171782453 0.03877221324717297
1 0.22258122419673307 0.39660743134087234 0.07180039490217194 0.021001615508885293
1 0.7280560043080238 0.44830371567043614 0.060312331717824325 0.03392568659127626
1 0.883144857296715 0.15024232633279483 0.05456830012565078 0.025848142164781915
1 0.1493448213965177 0.931340872374798 0.07467241069825885 0.014539579967689918
1 0.4135702746365105 0.9588045234248788 0.06318434751391123 0.024232633279483055
0 0.44516244839346614 0.672859450726979 0.034464189553042604 0.024232633279482912
0 0.330281816549991 0.9434571890145395 0.05744031592173755 0.029079159935379694
0 0.44085442469933583 0.8990306946688207 0.020104110572608178 0.021001615508885293
0 0.29007359540477473 0.8788368336025849 0.05744031592173759 0.03231017770597745
0 0.5040387722132472 0.16558966074313408 0.048824268533476885 0.03392568659127624
0 0.5054747801112905 0.09773828756058159 0.040208221145216286 0.02746365105008078
0 0.7768802728415005 0.14781906300484654 0.048824268533476954 0.024232633279483037
0 0.6533835936097648 0.49919224555735053 0.048824268533477024 0.025848142164781932
0 0.19673308203195117 0.648626817447496 0.03159217375695569 0.02746365105008067
0 0.4164422904325974 0.3691437802907916 0.051696284329563795 0.02746365105008074
0 0.568659127625202 0.058158319870759284 0.04595225273738997 0.025848142164781915
0 0.37192604559325076 0.2730210016155089 0.04308023694130313 0.029079159935379656
0 0.31879375336564353 0.2730210016155089 0.04595225273739008 0.025848142164781897
0 0.6950278226530248 0.691437802907916 0.03446418955304253 0.022617124394184174
0 0.5858912224017232 0.3683360258481422 0.04595225273739011 0.03231017770597738
0 0.2527373900556453 0.11873990306946687 0.04595225273739008 0.024232633279483055
0 0.48967869323281277 0.5121163166397416 0.03159217375695569 0.025848142164781932
0 0.379106085083468 0.7350565428109854 0.040208221145216355 0.029079159935379694
0 0.2599174295458625 0.4264943457189014 0.04308023694130316 0.02907915993537962
0 0.3891581403697721 0.10904684975767368 0.048824268533476885 0.024232633279483037
