1 0.23119727158499373 0.8651050080775444 0.048824268533476954 0.04361873990306947
1 0.5830192066056363 0.8077544426494346 0.08616047388260625 0.016155088852988796
1 0.6490755699156345 0.7310177705977384 0.05744031592173762 0.05008077544426484
1 0.3360258481421648 0.6663974151857834 0.0804164422904326 0.037156704361873946
1 0.21970920840064623 0.4523424878836833 0.06605636330999821 0.02907915993537962
1 0.6088673487704181 0.3360258481421648 0.040208221145216286 0.048465266558966
1 0.6878477831628074 0.3626817447495961 0.06031233171782446 0.03392568659127626
1 0.4982947406210734 0.42164781906300486 0.048824268533476885 0.025848142164781932
1 0.6562556094058516 0.06704361873990307 0.06605636330999815 0.02746365105008078
1 0.7395440674923712 0.5064620355411955 0.054568300125650636 0.03715670436187402
1 0.7639562017591096 0.3998384491114701 0.040208221145216216 0.04361873990306947
1 0.12493268712977923 0.3247172859450727 0.05456830012565069 0.025848142164781897
0 0.11918865553760545 0.8231017770597738 0.04308023694130316 0.02746365105008067
0 0.44659845629150957 0.9749596122778675 0.048824268533476954 0.02746365105008067
0 0.6490755699156345 0.5823909531502423 0.040208221145216425 0.030694668820678502
0 0.45808651947585716 0.5751211631663974 0.043080236941303196 0.025848142164781932
0 0.44516244839346614 0.7366720516962844 0.04595225273739011 0.025848142164781932
0 0.5988152934841142 0.4200323101777059 0.037336205349129375 0.025848142164781932
0 0.3747980613893376 0.32310177705977383 0.04308023694130313 0.02261712439418414
0 0.32310177705977383 0.32310177705977383 0.04308023694130313 0.029079159935379656
0 0.19529707413390773 0.7148626817447495 0.051696284329563795 0.027463651050080955
0 0.5126548196015078 0.14458804523424879 0.04308023694130313 0.03392568659127624
0 0.5844552145036798 0.10420032310177707 0.04308023694130327 0.024232633279483037
0 0.2527373900556453 0.16639741518578352 0.03446418955304256 0.02907915993537962
0 0.212529168910429 0.5492730210016156 0.04595225273739008 0.025848142164781863
0 0.17375695566325614 0.3957996768982229 0.04308023694130318 0.025848142164781932
0 0.8788368336025849 0.23101777059773831 0.040208221145216216 0.025848142164781897
0 0.791240351821935 0.19628432956381262 0.048824268533476954 0.02746365105008078
0 0.4135702746365105 0.9256865912762521 0.04595225273739004 0.025848142164781932
0 0.7108239095315025 0.7560581583198709 0.05456830012565078 0.029079159935379694
