1 0.670615688386286 0.5646203554119548 0.0373362053491293 0.008077544426494398
1 0.48537066953868246 0.5226171243941842 0.034464189553042604 0.021001615508885293
1 0.5126548196015078 0.4111470113085622 0.04308023694130313 0.017770597738287534
1 0.42075031412672764 0.5266558966074314 0.048824268533476954 0.009693053311793208
1 0.5485550170525937 0.37075928917609047 0.03446418955304253 0.02746365105008074
1 0.3747980613893376 0.33521809369951533 0.04308023694130313 0.017770597738287534
1 0.7539041464728055 0.6502423263327948 0.05456830012565078 0.014539579967689918
1 0.46383055106803084 0.5775444264943457 0.054568300125650705 0.017770597738287534
1 0.614611380362592 0.1841680129240711 0.03446418955304267 0.029079159935379656
1 0.4580865194758571 0.19466882067851374 0.025848142164781932 0.01777059773828757
1 0.8730928020104111 0.4886914378029079 0.0402082211452165 0.021001615508885293
1 0.5255788906838987 0.6453957996768982 0.05744031592173755 0.011308562197092087
0 0.38485011667564173 0.6252019386106624 0.028720157960868846 0.019386106623586415
0 0.2513013821576019 0.6510500807754442 0.043080236941303196 0.019386106623586415
0 0.5112188117034644 0.7148626817447495 0.028720157960868777 0.017770597738287392
0 0.49398671692694307 0.3255250403877221 0.034464189553042604 0.011308562197092052
0 0.2340692873810806 0.4959612277867528 0.037336205349129445 0.016155088852988726
1 0.18093699515347336 0.505654281098546 0.040208221145216286 0.012924071082390966
1 0.28145754801651407 0.5088852988691438 0.04020822114521632 0.016155088852988653
0 0.5600430802369414 0.2754442649434572 0.028720157960868777 0.021001615508885293
0 0.6117393645665051 0.27059773828756056 0.03446418955304253 0.01777059773828757
1 0.307305690181296 0.21082390953150237 0.04020822114521625 0.01777059773828757
0 0.30156165858912226 0.3206785137318255 0.03446418955304253 0.0177705977382875
0 0.23981331897325436 0.4531502423263328 0.03159217375695569 0.021001615508885293
0 0.3747980613893377 0.5177705977382875 0.037336205349129375 0.021001615508885366
1 0.3546939508167295 0.4959612277867528 0.04308023694130313 0.012924071082390966
0 0.4379824089032489 0.6526655896607432 0.03159217375695569 0.016155088852988653
0 0.6189194040567223 0.3998384491114701 0.03159217375695569 0.014539579967689776
0 0.7682642254532399 0.37560581583198704 0.04308023694130313 0.021001615508885293
0 0.7481601148806319 0.4168012924071083 0.031592173756955756 0.016155088852988726
1 0.8472446598456291 0.32148626817447495 0.06318434751391123 0.01615508885298862
0 0.6418955304254174 0.5080775444264943 0.03159217375695569 0.027463651050080813
0 0.6892837910608509 0.6050080775444264 0.040208221145216216 0.021001615508885366
0 0.38485011667564173 0.7067851373182552 0.028720157960868846 0.024232633279483055
