1 0.647639562017591 0.9071082390953151 0.06605636330999815 0.0533117932148626
1 0.18093699515347336 0.9022617124394184 0.06892837910608508 0.017770597738287534
1 0.7409800753904147 0.9337641357027465 0.06892837910608506 0.022617124394184174
1 0.6935918147549812 0.648626817447496 0.07180039490217212 0.02100161550888515
1 0.6160473882606354 0.37237479806138934 0.08328845808651941 0.014539579967689847
1 0.7869323281278047 0.3360258481421648 0.06892837910608506 0.019386106623586415
1 0.6691796804882426 0.4192245557350565 0.03446418955304253 0.04038772213247171
1 0.2972536348949919 0.5266558966074314 0.07754442649434573 0.022617124394184104
1 0.29007359540477473 0.5694668820678515 0.03446418955304253 0.04361873990306947
1 0.6993358463471548 0.23909531502423265 0.054568300125650636 0.029079159935379656
1 0.4939867169269431 0.4806138933764136 0.08616047388260639 0.017770597738287607
1 0.8745288099084544 0.46122778675282716 0.07180039490217198 0.02746365105008074
1 0.8113444623945432 0.9765751211631664 0.05456830012565078 0.04038772213247171
1 0.4494704720875965 0.3037156704361874 0.07180039490217198 0.02907915993537962
0 0.5600430802369413 0.7867528271405493 0.051696284329563864 0.03231017770597731
0 0.5600430802369414 0.7237479806138934 0.04595225273738997 0.029079159935379552
0 0.6663076646921559 0.5977382875605816 0.0459522527373899 0.029079159935379694
0 0.42075031412672764 0.9006462035541196 0.048824268533476954 0.03069466882067857
0 0.366182014001077 0.4523424878836833 0.054568300125650636 0.02907915993537962
0 0.23550529527912403 0.4305331179321486 0.051696284329563795 0.030694668820678502
0 0.12493268712977923 0.38691437802907913 0.05456830012565069 0.024232633279483055
0 0.30012565069107877 0.30048465266558966 0.04882426853347692 0.025848142164781932
0 0.6332794830371568 0.31179321486268174 0.037336205349129445 0.025848142164781897
0 0.41787829833064083 0.5710823909531503 0.054568300125650636 0.02746365105008074
0 0.212529168910429 0.2851373182552504 0.051696284329563795 0.030694668820678537
0 0.6792317357745468 0.16235864297253635 0.06031233171782446 0.02746365105008076
0 0.827140549273021 0.77140549273021 0.051696284329563726 0.03392568659127619
0 0.7151319332256327 0.289983844911147 0.040208221145216355 0.02746365105008078
0 0.2642254532399928 0.252827140549273 0.04595225273739008 0.02100161550888533
0 0.7840603123317177 0.265751211631664 0.05744031592173755 0.02746365105008078
0 0.6950278226530248 0.10743134087237478 0.051696284329563726 0.02746365105008078
0 0.3733620534912942 0.06138933764135702 0.051696284329563864 0.02907915993537965
0 0.4379824089032489 0.12520193861066237 0.054568300125650705 0.02746365105008078
0 0.6174833961586789 0.8279483037156704 0.05744031592173755 0.03069466882067843
