1 0.21970920840064623 0.462843295638126 0.08328845808651945 0.021001615508885293
1 0.23263327948303714 0.8747980613893377 0.051696284329563795 0.04038772213247171
1 0.5873272302997666 0.8214862681744751 0.08328845808651941 0.011308562197092016
1 0.33889786393825166 0.6777059773828756 0.0689283791060851 0.03715670436187409
1 0.4982947406210734 0.43295638126009695 0.060312331717824394 0.029079159935379694
1 0.7668282175551966 0.4151857835218094 0.051696284329563726 0.0387722132471729
1 0.7409800753904147 0.5169628432956381 0.051696284329563864 0.0387722132471729
1 0.693591814754981 0.37075928917609047 0.06031233171782446 0.02746365105008074
1 0.6117393645665051 0.34329563812600966 0.051696284329563795 0.04361873990306947
1 0.6576916173038951 0.07512116316639741 0.06892837910608506 0.027463651050080768
1 0.6576916173038952 0.7439418416801291 0.051696284329563726 0.05008077544426484
1 0.5370669538682462 0.6235864297253635 0.05744031592173748 0.025848142164781863
1 0.6706156883862862 0.944264943457189 0.06031233171782446 0.014539579967689776
0 0.1493448213965177 0.8820678513731827 0.05744031592173759 0.016155088852988653
0 0.11918865553760546 0.8376413570274636 0.037336205349129424 0.021001615508885293
0 0.44659845629150957 0.9862681744749596 0.048824268533476954 0.021001615508885293
0 0.28576557171064443 0.9693053311793216 0.048824268533476954 0.035541195476575214
0 0.425058337820858 0.4378029079159936 0.040208221145216286 0.025848142164781863
0 0.5126548196015078 0.15266558966074315 0.048824268533477024 0.03069466882067852
0 0.2268892478908634 0.12762520193861066 0.05744031592173762 0.025848142164781897
0 0.39203015616585896 0.16558966074313408 0.048824268533476954 0.024232633279483037
0 0.6232274277508526 0.014539579967689821 0.05744031592173762 0.029079159935379642
0 0.6002513013821575 0.4321486268174475 0.04595225273739004 0.03069466882067857
0 0.44516244839346614 0.752827140549273 0.04595225273739011 0.02584814216478179
0 0.32166576916173034 0.06865912762520195 0.05169628432956383 0.017770597738287562
0 0.19816908992999463 0.6591276252019387 0.05744031592173755 0.03231017770597745
0 0.19242505833782084 0.7245557350565428 0.05744031592173759 0.024232633279483055
0 0.6462035541195477 0.592891760904685 0.03446418955304246 0.022617124394184174
0 0.8802728415006282 0.24071082390953152 0.04308023694130313 0.025848142164781897
0 0.5801471908095495 0.11227786752827139 0.040208221145216355 0.024232633279483037
