1 0.49515026944107654 0.42748758420284505 0.033321014094285034 0.008996673805457007
1 0.4544986322460487 0.5673108895959887 0.04531657916822773 0.00974639662257836
1 0.813699164182442 0.6149182884831986 0.01999260845657119 0.020992238879399706
1 0.36786399560090743 0.49796152901225793 0.037319535785599316 0.013495010708185404
1 0.38452450264805 0.36413600615608543 0.033321014094285034 0.01724362479379259
1 0.47515766098450546 0.5227023819772646 0.017326927329028196 0.01949279324515679
1 0.5258056024078188 0.3933751960238206 0.03065533296674225 0.018743070428035438
1 0.587782688623189 0.6014232777750131 0.026656811275428113 0.013495010708185476
1 0.6091081376435313 0.39964873986556954 0.0319881735305136 0.013693210915751753
1 0.6748754379285563 0.3769120419012768 0.028847319056563805 0.009394357192762541
1 0.3013785701435736 0.5075790101278828 0.03795699875863647 0.01110242213690114
1 0.13740433550626402 0.665575017460707 0.03188387895725464 0.01451855202517848
1 0.33098502917531003 0.26304200139735073 0.033402158907600066 0.011956454608970546
1 0.5761872411561015 0.23784804347130578 0.016701079453800033 0.014518552025178409
1 0.771286214775493 0.3535694434366987 0.03643871880829096 0.011956454608970546
1 0.6604517784002746 0.4522101939607052 0.024292479205527257 0.021350811801733018
1 0.7986152538817113 0.49192270391192866 0.030365599006909178 0.010248389664831875
1 0.6019980003119744 0.5589642529693704 0.03492043885794566 0.00939435719276247
1 0.8411270924913841 0.5756178861747221 0.02732903910621815 0.010248389664831735
1 0.8950260307286478 0.5653694965098902 0.0318838789572547 0.017080649441386413
1 0.45092914525260125 0.2480964331361376 0.03643871880829096 0.01622661696931715
1 0.5739098212305833 0.6153303961259455 0.02732903910621829 0.01281048708103981
1 0.3355398690263464 0.4513561614886359 0.015182799503454589 0.019642746857594418
0 0.3454086887035919 0.2767065209504599 0.025810759155872845 0.01024838966483184
0 0.26873555121114623 0.4624585836255372 0.02732903910621829 0.01281048708103988
0 0.30441513004426446 0.4479400316003586 0.02277419925518185 0.01281048708103981
0 0.468483270296724 0.6840909072186971 0.02362100522504491 0.009743664655330947
0 0.389746586213241 0.6039271207362011 0.017322070498366315 0.010629452351270245
0 0.36927504835153535 0.5277493788854314 0.02677047258838428 0.010629452351270103
0 0.4251780940508083 0.5060475803349214 0.025195738906714525 0.013286815439087647
0 0.42990229509581723 0.4870031448722289 0.02834520627005382 0.00885787695939186
0 0.5598178238335643 0.42854115694024275 0.026770472588384137 0.014172603135026947
0 0.4850179739542554 0.3556437599195824 0.01574733681669663 0.007972089263452702
0 0.5212368486326576 0.3264127659535893 0.018896804180036073 0.007972089263452702
0 0.31888357053810623 0.3826602846457275 0.023621005225044876 0.01240102774314849
0 0.18896804180035925 0.5106566067089395 0.01889680418003593 0.011515240047209403
0 0.7196532925230348 0.44953725568913583 0.012597869453357191 0.006200513871574245
0 0.7338258956580617 0.43403597101020014 0.0220462715433753 0.010629452351270316
0 0.8338214844440851 0.4136628540035989 0.02991993995172379 0.010629452351270174
0 0.7314637951355573 0.5434307514586894 0.017322070498366315 0.015058390830966033
0 0.6558765784154136 0.4907263835503079 0.017322070498366315 0.014172603135027018
0 0.4968284765667778 0.6802849504812933 0.02362100522504484 0.008857876959391718
