1 0.6016873092802011 0.5848142164781907 0.060312331717824394 0.019386106623586485
1 0.6375875067312871 0.624394184168013 0.02297612636869509 0.03392568659127633
1 0.3503859271225992 0.7092084006462035 0.06892837910608506 0.016155088852988796
1 0.6591276252019385 0.8029079159935378 0.06605636330999821 0.016155088852988653
1 0.8716567941123676 0.33925686591276244 0.05456830012565078 0.02907915993537962
1 0.8084724465984563 0.3416801292407108 0.054568300125650636 0.014539579967689847
1 0.8458086519475856 0.6155088852988692 0.07180039490217198 0.012924071082390966
1 0.2943816190989051 0.2988691437802908 0.07754442649434573 0.019386106623586415
1 0.13785675821217017 0.6090468497576736 0.06318434751391135 0.022617124394184174
1 0.7251839885119367 0.555735056542811 0.06605636330999815 0.03231017770597738
1 0.8228325255788905 0.4038772213247172 0.04308023694130313 0.016155088852988726
1 0.15652486088673487 0.45718901453958 0.06605636330999816 0.019386106623586415
1 0.20391312152216834 0.4830371567043619 0.06318434751391135 0.02907915993537962
1 0.189553042541734 0.6647819063004846 0.05169628432956383 0.017770597738287534
1 0.7467241069825883 0.6623586429725364 0.04595225273739018 0.012924071082390895
0 0.6447675462215041 0.42972536348949913 0.037336205349129375 0.019386106623586415
0 0.6059953329743313 0.49515347334410337 0.04595225273739004 0.021001615508885366
0 0.4035182193502064 0.6478190630048465 0.037336205349129375 0.025848142164781932
0 0.29725363489499196 0.6324717285945073 0.05456830012565067 0.024232633279483124
0 0.44947047208759644 0.7447495961227787 0.054568300125650705 0.025848142164781932
1 0.16944893196912583 0.7172859450726977 0.028720157960868794 0.025848142164781932
0 0.35469395081672944 0.5347334410339257 0.048824268533476885 0.025848142164781932
0 0.45808651947585716 0.2592891760904685 0.054568300125650705 0.03392568659127626
0 0.16944893196912583 0.5807754442649435 0.04595225273739006 0.024232633279483055
0 0.16226889247890863 0.5266558966074314 0.03159217375695567 0.022617124394184104
0 0.4494704720875965 0.14297253634894994 0.03159217375695562 0.014539579967689828
0 0.7065158858373721 0.1260096930533118 0.028720157960868846 0.022617124394184156
0 0.6117393645665051 0.5395799676898223 0.02297612636869495 0.022617124394184174
0 0.2010411057260815 0.07592891760904685 0.03446418955304253 0.01615508885298869
0 0.6332794830371568 0.1324717285945073 0.037336205349129445 0.019386106623586433
0 0.7079518937354154 0.16558966074313408 0.037336205349129445 0.021001615508885275
0 0.19098905043977743 0.8756058158319872 0.04882426853347692 0.019386106623586415
1 0.48967869323281277 0.05088852988691437 0.048824268533476954 0.02746365105008077
