1 0.6016873092802011 0.5662358642972536 0.08328845808651955 0.014539579967689847
1 0.18524501884760367 0.647011308562197 0.06031233171782444 0.014539579967689847
1 0.6447675462215042 0.6033925686591277 0.03159217375695569 0.03069466882067857
1 0.34894991922455576 0.6922455573505654 0.07754442649434569 0.017770597738287392
1 0.1464728056004308 0.4369951534733441 0.05744031592173759 0.021001615508885366
1 0.1967330820319512 0.4596122778675283 0.07180039490217194 0.017770597738287607
1 0.7567761622688924 0.6453957996768983 0.06605636330999828 0.014539579967689849
1 0.8156524860886734 0.3150242326332795 0.05744031592173755 0.012924071082390931
1 0.8730928020104111 0.31179321486268174 0.051696284329563864 0.012924071082390931
1 0.2441213426673847 0.19547657512116318 0.06318434751391135 0.012924071082390931
1 0.29294561120086166 0.27140549273021003 0.09190450547478012 0.01615508885298869
1 0.86016873092802 0.5969305331179322 0.0775444264943458 0.014539579967689847
1 0.7395440674923712 0.5379644588045235 0.054568300125650636 0.025848142164781932
1 0.6648716567941123 0.46042003231017775 0.060312331717824394 0.025848142164781863
0 0.3977741877580327 0.624394184168013 0.06605636330999815 0.03392568659127633
0 0.29438161909890503 0.6114701130856219 0.05456830012565075 0.024232633279483055
0 0.15796086878477833 0.5621970920840065 0.05169628432956383 0.025848142164781932
0 0.44372644049542276 0.7253634894991922 0.043080236941303196 0.025848142164781932
0 0.6404595225273739 0.7439418416801291 0.040208221145216286 0.024232633279483055
0 0.18380901094956023 0.8634894991922457 0.04595225273739004 0.024232633279483055
0 0.5341949380721595 0.17609046849757676 0.04595225273738997 0.025848142164781897
0 0.45521450367977023 0.22940226171243944 0.048824268533476954 0.029079159935379656
0 0.4092622509423802 0.3287560581583199 0.037336205349129375 0.02746365105008074
0 0.6117393645665051 0.07512116316639741 0.05744031592173762 0.027463651050080768
0 0.7007718542451983 0.10823909531502424 0.0459522527373899 0.022617124394184174
0 0.7438520911865015 0.7415185783521809 0.04595225273739004 0.02584814216478179
0 0.6490755699156346 0.40630048465266555 0.03446418955304253 0.02746365105008074
0 0.5341949380721595 0.4305331179321486 0.051696284329563795 0.024232633279483055
0 0.6950278226530248 0.23828756058158318 0.051696284329563726 0.030694668820678502
0 0.20247711362412496 0.15993537964458804 0.05456830012565067 0.025848142164781897
0 0.7338000359001974 0.2770597738287561 0.04882426853347681 0.02746365105008078
0 0.6907197989588942 0.5807754442649435 0.037336205349129445 0.024232633279483055
0 0.5542990486447676 0.8497576736672052 0.03446418955304253 0.02261712439418403
0 0.7151319332256327 0.41760904684975764 0.040208221145216355 0.024232633279483055
