1 0.34176987973433853 0.6348949919224556 0.08616047388260639 0.03554119547657514
1 0.2168371926045593 0.425686591276252 0.08903248967869323 0.021001615508885293
1 0.5858912224017232 0.7762520193861068 0.08616047388260632 0.017770597738287534
1 0.49542272482498645 0.39660743134087234 0.07754442649434573 0.024232633279483055
1 0.5959432776880272 0.31017770597738287 0.06605636330999821 0.03554119547657514
1 0.6806677436725903 0.3408723747980613 0.06318434751391137 0.022617124394184174
1 0.7524681385747621 0.3764135702746365 0.06318434751391123 0.03877221324717283
1 0.5456830012565069 0.5848142164781907 0.06892837910608506 0.025848142164781932
1 0.6849757673667205 0.9612277867528272 0.048824268533476954 0.022617124394184174
1 0.22976126368695027 0.8295638126009693 0.06318434751391135 0.03392568659127619
1 0.6505115778136781 0.04361873990306947 0.08903248967869316 0.019386106623586422
1 0.6462035541195477 0.7019386106623585 0.051696284329563795 0.04684975767366737
1 0.7294920122060671 0.4781906300484653 0.06318434751391123 0.03877221324717283
1 0.13498474241608327 0.9757673667205169 0.08041644229043263 0.012924071082391037
1 0.29007359540477473 0.9450726978998384 0.06892837910608506 0.025848142164781932
0 0.6361514988332436 0.555735056542811 0.03159217375695569 0.019386106623586415
0 0.45377849578172685 0.5460420032310178 0.040208221145216286 0.025848142164781932
0 0.212529168910429 0.5193861066235864 0.06318434751391135 0.037156704361873946
0 0.5758391671154192 0.0840064620355412 0.048824268533476954 0.025848142164781897
0 0.5112188117034644 0.12439418416801291 0.03446418955304246 0.025848142164781897
0 0.3747980613893376 0.30129240710823907 0.04308023694130313 0.033925686591276226
0 0.44372644049542276 0.7067851373182552 0.048824268533476954 0.021001615508885293
0 0.19242505833782084 0.6849757673667205 0.04020822114521632 0.025848142164781932
0 0.3202297612636869 0.29725363489499196 0.043080236941303196 0.03231017770597742
0 0.22545323999281996 0.09693053311793215 0.043080236941303196 0.029079159935379656
0 0.7826243044336744 0.17205169628432956 0.031592173756955756 0.030694668820678485
0 0.8687847783162808 0.20678513731825526 0.04882426853347709 0.0355411954765751
0 0.44229043259737927 0.9386106623586429 0.04595225273739004 0.022617124394184174
0 0.34464189553042546 0.8966074313408723 0.04595225273739004 0.022617124394184174
0 0.7036438700412851 0.722940226171244 0.028720157960868846 0.03392568659127619
0 0.565787111829115 0.23424878836833604 0.04595225273739004 0.03554119547657514
