1 0.5341949380721595 0.49919224555735053 0.07467241069825889 0.022617124394184174
1 0.4652665589660744 0.7423263327948304 0.0631843475139113 0.017770597738287677
1 0.5011667564171602 0.6647819063004846 0.03159217375695562 0.04361873990306961
1 0.27140549273021003 0.5420032310177706 0.05456830012565067 0.024232633279483055
1 0.6777957278765033 0.8287560581583199 0.051696284329563864 0.02584814216478179
1 0.555735056542811 0.8352180936995154 0.08328845808651941 0.025848142164781932
1 0.5858912224017232 0.44345718901453957 0.051696284329563864 0.03069466882067857
1 0.46383055106803084 0.20274636510500804 0.043080236941303196 0.02746365105008078
1 0.2053491294202118 0.6421647819063006 0.05456830012565067 0.021001615508885293
1 0.25417339795368876 0.22132471728594505 0.07754442649434573 0.025848142164781932
1 0.558607072338898 0.1308562197092084 0.04308023694130313 0.038772213247172865
1 0.6749237120804165 0.1841680129240711 0.04595225273739004 0.025848142164781897
1 0.32022976126368696 0.6203554119547657 0.06031233171782446 0.025848142164781932
1 0.8070364387004128 0.39741518578352175 0.05744031592173755 0.019386106623586415
1 0.6548196015078083 0.26978998384491115 0.051696284329563795 0.029079159935379656
1 0.6160473882606354 0.15347334410339253 0.037336205349129514 0.03231017770597736
1 0.8828102929105316 0.8528667342150537 0.042747967228242915 0.02040243890438859
1 0.6203554119547658 0.6308562197092084 0.040208221145216286 0.017770597738287534
0 0.34894991922455576 0.6518578352180937 0.043080236941303196 0.024232633279483124
0 0.6289714593430265 0.4620355411954765 0.028720157960868846 0.022617124394184174
0 0.4279303536169449 0.44911147011308566 0.05744031592173748 0.022617124394184174
0 0.15508885298869143 0.5630048465266558 0.04595225273739008 0.024232633279482982
0 0.3044336743852091 0.4515347334410339 0.04595225273739004 0.024232633279483055
0 0.4121342667384671 0.20678513731825526 0.043080236941303196 0.022617124394184174
0 0.7223119727158499 0.6381260096930533 0.048824268533476954 0.03231017770597738
0 0.8716567941123676 0.5121163166397416 0.031592173756955756 0.022617124394184174
0 0.5988152934841142 0.31098546042003233 0.037336205349129375 0.017770597738287534
0 0.35612995871477293 0.8093699515347333 0.04595225273738997 0.025848142164781932
0 0.5442469933584634 0.2019386106623586 0.03159217375695569 0.025848142164781897
0 0.5988152934841142 0.2318255250403877 0.03159217375695569 0.024232633279483055
0 0.2340692873810806 0.567043618739903 0.037336205349129445 0.025848142164781932
0 0.1967330820319512 0.7560581583198706 0.03733620534912941 0.025848142164781932
0 0.8056004308023694 0.777059773828756 0.04308023694130327 0.022617124394184174
0 0.8400646203554121 0.31421647819063003 0.020104110572608108 0.02746365105008078
0 0.732364028002154 0.13489499192245558 0.04595225273739004 0.02100161550888531
0 0.37192604559325076 0.12277867528271406 0.037336205349129445 0.022617124394184174
0 0.25417339795368876 0.30048465266558966 0.06031233171782446 0.029079159935379656
0 0.4796266379465087 0.034733441033925685 0.04595225273739018 0.024232633279483037
0 0.4078262430443367 0.5799676898222941 0.040208221145216286 0.025848142164781932
0 0.6505115778136781 0.5024232633279483 0.037336205349129445 0.019386106623586415
