1 0.5873272302997666 0.252827140549273 0.04308023694130327 0.03392568659127626
1 0.5643511039310717 0.6752827140549273 0.07180039490217205 0.03554119547657507
1 0.34751391132651227 0.5541195476575121 0.06892837910608517 0.029079159935379694
1 0.4810626458445521 0.33360258481421645 0.07180039490217198 0.030694668820678537
1 0.23981331897325434 0.7294022617124394 0.04308023694130316 0.03392568659127619
1 0.6663076646921559 0.27867528271405495 0.051696284329563726 0.03392568659127626
1 0.7294920122060671 0.31260096930533116 0.05744031592173741 0.04038772213247171
1 0.47962663794650867 0.9781906300484653 0.08616047388260632 0.014539579967689918
1 0.6217914198528092 0.6074313408723748 0.043080236941303196 0.051696284329563795
1 0.5313229222760725 0.8820678513731824 0.04595225273739004 0.051696284329563864
1 0.8774008257045414 0.0888529886914378 0.04882426853347709 0.019386106623586415
1 0.7050798779393287 0.4054927302100161 0.04882426853347709 0.0387722132471729
1 0.5227068748878119 0.5024232633279483 0.05744031592173755 0.022617124394184174
1 0.30156165858912226 0.8303715670436188 0.06318434751391135 0.025848142164781932
0 0.26566146113803624 0.5977382875605816 0.054568300125650705 0.022617124394184174
0 0.3360258481421648 0.8675282714054927 0.06318434751391135 0.029079159935379694
0 0.44085442469933583 0.8239095315024233 0.037336205349129445 0.022617124394184174
0 0.402082211452163 0.6575121163166397 0.051696284329563795 0.02584814216478179
0 0.5514270328486807 0.1809369951534733 0.0631843475139113 0.0355411954765751
0 0.5011667564171602 0.14054927302100162 0.054568300125650636 0.038772213247172865
1 0.1493448213965177 0.24071082390953152 0.05744031592173759 0.025848142164781897
0 0.791240351821935 0.8497576736672052 0.048824268533476954 0.02261712439418403
0 0.7539041464728055 0.12116316639741517 0.05456830012565078 0.03231017770597738
0 0.5026027643152037 0.07754442649434572 0.05744031592173748 0.03231017770597737
0 0.5772751750134626 0.33117932148626816 0.040208221145216286 0.025848142164781897
0 0.45090647998563993 0.4709208400646203 0.03446418955304253 0.02746365105008074
0 0.37192604559325076 0.24151857835218096 0.04308023694130313 0.024232633279483017
0 0.6390235146293304 0.45638126009693053 0.04882426853347681 0.027463651050080813
0 0.6792317357745468 0.6332794830371568 0.037336205349129445 0.022617124394184243
0 0.3546939508167295 0.09935379644588047 0.04308023694130313 0.024232633279483037
0 0.8831448572967152 0.4983844911147011 0.037336205349129445 0.027463651050080813
0 0.8472446598456291 0.6962843295638126 0.04595225273739004 0.019386106623586415
0 0.473882606354335 0.9208400646203555 0.040208221145216355 0.016155088852988653
0 0.21109316101238554 0.5969305331179321 0.03733620534912941 0.024232633279483055
0 0.21827320050260277 0.5339256865912763 0.04020822114521632 0.024232633279483055
0 0.22401723209477653 0.44426494345718903 0.06318434751391135 0.025848142164781932
0 0.5643511039310717 0.03877221324717286 0.048824268533476885 0.025848142164781908
