1 0.23119727158499373 0.8917609046849758 0.05456830012565067 0.03554119547657507
1 0.5930712618919405 0.8360258481421647 0.08328845808651948 0.017770597738287534
1 0.673487704182373 0.9604200323101776 0.05456830012565078 0.017770597738287534
1 0.3360258481421648 0.6930533117932148 0.07467241069825889 0.029079159935379694
1 0.49542272482498645 0.4466882067851373 0.0718003949021719 0.024232633279483055
1 0.2168371926045593 0.4749596122778675 0.07180039490217201 0.02907915993537962
1 0.7682642254532399 0.4192245557350565 0.04308023694130313 0.046849757673667225
1 0.7438520911865015 0.5290791599353797 0.05744031592173769 0.03392568659127626
1 0.6533835936097648 0.7592891760904685 0.054568300125650705 0.042003231017770586
1 0.663435648896069 0.0840064620355412 0.06892837910608512 0.022617124394184163
1 0.6117393645665051 0.3594507269789983 0.04595225273739004 0.046849757673667156
1 0.6935918147549812 0.3844911147011308 0.054568300125650636 0.02907915993537962
1 0.5428109854604201 0.6381260096930533 0.0631843475139113 0.025848142164781932
0 0.4106982588404236 0.9563812600969306 0.051696284329563795 0.03231017770597731
0 0.44229043259737927 0.7617124394184168 0.06318434751391137 0.03715670436187409
0 0.18811703464369053 0.7415185783521809 0.048824268533476954 0.019386106623586558
0 0.11918865553760545 0.852988691437803 0.048824268533476954 0.029079159935379552
0 0.42362232992281457 0.44911147011308555 0.04308023694130313 0.02907915993537962
0 0.3704900376952074 0.3416801292407108 0.05744031592173762 0.030694668820678502
0 0.16657691617303896 0.4176090468497577 0.05169628432956383 0.03392568659127626
0 0.14072877400825706 0.46203554119547663 0.05169628432956383 0.03231017770597738
0 0.5112188117034644 0.1631663974151858 0.040208221145216216 0.02584814216478188
0 0.5815831987075929 0.12439418416801291 0.054568300125650705 0.029079159935379656
0 0.39059414826781547 0.17689822294022617 0.03446418955304253 0.024232633279483055
0 0.6720516962843296 0.5848142164781907 0.04595225273739004 0.02907915993537962
0 0.6045593250762878 0.4426494345718901 0.048824268533476885 0.03231017770597745
0 0.5083467959073775 0.23263327948303714 0.05744031592173762 0.03231017770597738
0 0.21970920840064617 0.1373182552504039 0.043080236941303196 0.025848142164781915
0 0.5586070723388978 0.0420032310177706 0.048824268533476954 0.02261712439418416
0 0.8802728415006282 0.25040387722132473 0.048824268533476954 0.029079159935379656
0 0.19816908992999463 0.6696284329563812 0.040208221145216286 0.03392568659127633
