1 0.46076838207827464 0.5809643658832574 0.05177172832340169 0.014560798590956665
1 0.42366531011317016 0.5280601310027814 0.060400349710635196 0.011648638872765318
1 0.6514609147361375 0.5736839665877791 0.046594555491061555 0.015531518497020471
1 0.5582718037540144 0.4712730164980502 0.036240209826381146 0.010677918966701654
1 0.48665424623997583 0.5285454909558132 0.037965934103827766 0.0223265578394669
1 0.5134029725403997 0.40817622260390435 0.050046004045954856 0.016502238403084207
1 0.37448216820593855 0.32566503058848306 0.0448688312136148 0.020385118027339395
1 0.5513689066442276 0.36400846687800237 0.0327887612714877 0.029121597181913473
1 0.7420614393020903 0.3431379888976311 0.04486883121361487 0.016502238403084277
1 0.7929703054867687 0.22957525778408422 0.04314310693616818 0.014560798590956665
1 0.303727472830623 0.19899758074307514 0.055223176878295026 0.015531518497020507
1 0.5815690814995453 0.23394349736137124 0.02070869132936075 0.034945916618296095
1 0.45731693352338126 0.18152462243392706 0.04486883121361487 0.017472958309148048
1 0.573803322251035 0.1446372660035034 0.036240209826381216 0.017472958309148048
1 0.8921994514399552 0.4873013928440181 0.0310630369940408 0.009707199060637918
1 0.877530795081658 0.3305301280147174 0.04314310693616804 0.012619358778829123
0 0.24073853670381765 0.3790661233179064 0.02588586416170081 0.0223265578394669
0 0.38224792745444885 0.6304825789884257 0.022434415606807364 0.018443678215211746
0 0.21485267254211685 0.5741808244367265 0.0327887612714877 0.018443678215211746
0 0.5582718037540145 0.2650065343554122 0.03278876127148763 0.01941439812127566
1 0.6152207049097563 0.1689052636550979 0.03278876127148777 0.02523871755765832
0 0.4340196557778505 0.3664467645390774 0.0327887612714877 0.01844367821521182
0 0.6247121884357132 0.3984805214391821 0.031063036994040873 0.01650223840308435
0 0.7567300956603876 0.41304132003013877 0.015531518497020613 0.012619358778829123
0 0.8257590667582565 0.40236340106343715 0.022434415606807222 0.016502238403084277
0 0.47431342614602817 0.7291964145192401 0.024323765443386092 0.0182428240825395
0 0.5945809330605482 0.7139940611171238 0.032431687257848056 0.021283294762962868
0 0.7270103226967612 0.7048726490758541 0.021621124838565608 0.015202353402116273
0 0.5810677300364447 0.6463435884777065 0.021621124838565535 0.013682118061904731
0 0.6472824248545512 0.5095224078586598 0.029729046653027284 0.01976305942275111
0 0.2918851853206328 0.35217805014675624 0.032431687257848126 0.0182428240825395
0 0.2959391462278637 0.3704208742292958 0.03513432786266872 0.01824282408253957
0 0.3405327162074049 0.36966075655919 0.027026406048206796 0.01368211806190466
0 0.2972904665302741 0.2564032237134236 0.037836968467489455 0.015202353402116273
0 0.45674626221469383 0.6752280599417274 0.032431687257848056 0.019763059422751042
0 0.513501714915928 0.7253958261687111 0.027026406048206723 0.016722588742327956
0 0.3378300756025842 0.7474392386017797 0.027026406048206723 0.018242824082539643
0 0.6189046985039343 0.26172404740416433 0.027026406048206796 0.01976305942275122
0 0.7837657753979954 0.4829182894049563 0.037836968467489386 0.024323765443386092
