1 0.34464189553042535 0.4693053311793215 0.06892837910608503 0.027463651050080813
1 0.4753186142523784 0.8513731825525039 0.08328845808651948 0.012924071082390895
1 0.5471190091545504 0.5807754442649435 0.0718003949021719 0.014539579967689776
1 0.5112188117034644 0.7649434571890146 0.028720157960868777 0.04038772213247171
1 0.24555735056542807 0.284329563812601 0.07180039490217194 0.01615508885298869
1 0.4724465984562915 0.2617124394184168 0.048824268533476954 0.022617124394184174
1 0.5729671513193323 0.1890145395799677 0.04308023694130313 0.03554119547657514
1 0.6361514988332435 0.21001615508885296 0.04308023694130313 0.025848142164781932
1 0.6074313408723748 0.5201938610662359 0.048824268533477024 0.03554119547657507
1 0.7022078621432418 0.24151857835218096 0.037336205349129445 0.02746365105008078
1 0.6777957278765032 0.3311793214862682 0.040208221145216355 0.0355411954765751
1 0.16657691617303894 0.178513731825525 0.06318434751391129 0.01453957996768981
1 0.26135343744390593 0.6292407108239095 0.06318434751391135 0.02746365105008067
1 0.7898043439238915 0.41760904684975764 0.04595225273739004 0.024232633279483055
1 0.8185245018847604 0.15508885298869143 0.040208221145216216 0.025848142164781897
0 0.34176987973433853 0.7536348949919224 0.040208221145216216 0.021001615508885435
0 0.12206067133369233 0.721324717285945 0.03733620534912941 0.024232633279482912
0 0.3546939508167295 0.9289176090468498 0.04308023694130313 0.019386106623586415
0 0.6160473882606355 0.3780290791599354 0.03159217375695569 0.019386106623586415
1 0.18524501884760367 0.7415185783521809 0.0660563633099982 0.022617124394184174
0 0.307305690181296 0.6995153473344103 0.04595225273739004 0.02584814216478179
0 0.2340692873810806 0.44830371567043614 0.037336205349129445 0.030694668820678502
0 0.4336743852091186 0.5250403877221325 0.04595225273739004 0.022617124394184174
0 0.41644229043259734 0.26252019386106623 0.05744031592173755 0.024232633279483017
0 0.48537066953868246 0.0791599353796446 0.04595225273739004 0.019386106623586422
0 0.650511577813678 0.5379644588045234 0.043080236941303196 0.016155088852988726
0 0.5571710644408544 0.2592891760904685 0.03446418955304253 0.02746365105008078
0 0.37192604559325076 0.17205169628432956 0.048824268533476885 0.02746365105008074
0 0.7969843834141088 0.09773828756058159 0.037336205349129445 0.024232633279483037
0 0.43941841680129246 0.7124394184168011 0.040208221145216286 0.022617124394184174
0 0.12924071082390953 0.6510500807754442 0.040208221145216286 0.025848142164781932
0 0.27714952432238377 0.726978998384491 0.03159217375695569 0.022617124394184174
0 0.6821037515706336 0.7819063004846527 0.037336205349129584 0.022617124394184174
0 0.614611380362592 0.2940226171243942 0.03446418955304267 0.025848142164781897
0 0.7610841859630227 0.18820678513731826 0.040208221145216355 0.024232633279483055
0 0.3862861245736851 0.02988691437802908 0.048824268533476954 0.021001615508885293
