1 0.604559325076288 0.5533117932148628 0.05456830012565078 0.011308562197092087
1 0.6447675462215042 0.5953150242326334 0.03159217375695569 0.030694668820678502
1 0.17806497935738647 0.6381260096930533 0.051696284329563816 0.012924071082391037
1 0.34607790342846884 0.6873990306946688 0.06605636330999819 0.017770597738287677
1 0.863040746724107 0.5880452342487884 0.07180039490217198 0.019386106623586415
1 0.8257045413749776 0.2996768982229402 0.048824268533476954 0.01453957996768981
1 0.8874528809908455 0.29725363489499196 0.04595225273739004 0.01615508885298869
1 0.6663076646921559 0.7802907915993538 0.0631843475139113 0.019386106623586415
1 0.8860168730928021 0.8562197092084005 0.0545683001256505 0.019386106623586415
1 0.12062466343564889 0.5831987075928917 0.06318434751391132 0.016155088852988726
1 0.2886375875067313 0.2552504038772213 0.07754442649434569 0.022617124394184174
1 0.7424160832884581 0.5274636510500809 0.048824268533476954 0.02746365105008074
1 0.7596481780649793 0.6365105008077545 0.04882426853347681 0.016155088852988796
1 0.8400646203554121 0.3667205169628433 0.05456830012565078 0.022617124394184174
0 0.402082211452163 0.6203554119547657 0.040208221145216216 0.025848142164781932
0 0.2886375875067313 0.5977382875605817 0.04882426853347692 0.03554119547657514
0 0.5542990486447676 0.89983844911147 0.03446418955304253 0.025848142164781932
0 0.2570454137497756 0.7520193861066236 0.04882426853347692 0.02746365105008067
0 0.43941841680129246 0.7205169628432955 0.04595225273739004 0.025848142164781932
0 0.4566505115778136 0.21486268174474957 0.040208221145216286 0.022617124394184174
0 0.6490755699156345 0.394184168012924 0.040208221145216425 0.022617124394184174
0 0.6174833961586789 0.505654281098546 0.028720157960868846 0.025848142164781863
0 0.43367438520911866 0.6567043618739902 0.03446418955304253 0.021001615508885293
0 0.4308023694130318 0.12035541195476576 0.03446418955304253 0.024232633279483037
0 0.7050798779393287 0.0912762520193861 0.0373362053491293 0.024232633279483037
0 0.7007718542451983 0.22778675282714056 0.0459522527373899 0.01615508885298869
0 0.7409800753904147 0.26252019386106623 0.040208221145216216 0.030694668820678537
0 0.4063902351462933 0.3150242326332795 0.04308023694130313 0.025848142164781897
0 0.7395440674923711 0.4725363489499192 0.0373362053491293 0.024232633279482982
0 0.5901992460958536 0.7520193861066236 0.037336205349129375 0.021001615508885293
0 0.34607790342846884 0.4983844911147011 0.03159217375695562 0.021001615508885293
0 0.20678513731825526 0.5718901453957997 0.04595225273739004 0.02907915993537962
1 0.14647280560043083 0.4943457189014539 0.04595225273739006 0.025848142164781863
1 0.1421647819063005 0.4248788368336025 0.054568300125650705 0.012924071082390966
1 0.189553042541734 0.449919224555735 0.07467241069825883 0.021001615508885366
