1 0.2513013821576019 0.8505654281098546 0.07754442649434573 0.024232633279482912
1 0.5399389696643331 0.8174474959612277 0.09764853706695384 0.03231017770597731
1 0.6476395620175911 0.72859450726979 0.06031233171782453 0.03877221324717283
1 0.1608328845808652 0.7253634894991922 0.0804164422904326 0.019386106623586415
1 0.7338000359001975 0.754442649434572 0.06605636330999815 0.03231017770597745
1 0.8070364387004128 0.7972536348949919 0.05744031592173755 0.03715670436187409
1 0.6907197989588942 0.4620355411954765 0.0775444264943458 0.022617124394184174
1 0.6160473882606354 0.16397415185783523 0.09477652127086685 0.024232633279483017
1 0.670615688386286 0.2172859450726979 0.04308023694130313 0.046849757673667225
1 0.8185245018847604 0.27625201938610666 0.05744031592173755 0.01615508885298869
1 0.3747980613893377 0.5395799676898223 0.08903248967869323 0.019386106623586415
1 0.8817088493986717 0.2673667205169628 0.0459522527373899 0.02746365105008078
1 0.27714952432238377 0.33521809369951533 0.08328845808651948 0.021001615508885293
1 0.8774008257045415 0.6445880452342487 0.031592173756955756 0.042003231017770516
0 0.7998563992101956 0.40226171243941833 0.048824268533476954 0.02907915993537962
0 0.34464189553042546 0.9523424878836835 0.04595225273739004 0.027463651050080813
0 0.4035182193502064 0.3828756058158319 0.054568300125650705 0.02907915993537962
0 0.532758930174116 0.4192245557350565 0.054568300125650636 0.024232633279483055
0 0.5973792855860707 0.4248788368336025 0.06318434751391137 0.03231017770597738
0 0.660563633099982 0.40710823909531496 0.051696284329563795 0.02907915993537962
0 0.4078262430443367 0.7164781906300485 0.0631843475139113 0.03069466882067857
0 0.5499910249506372 0.6025848142164782 0.048824268533476954 0.03231017770597745
0 0.34751391132651227 0.2520193861066236 0.06892837910608517 0.029079159935379656
0 0.2010411057260815 0.2827140549273021 0.0631843475139113 0.03231017770597738
0 0.2685334769341231 0.08319870759289176 0.06031233171782443 0.030694668820678502
0 0.1493448213965177 0.10985460420032311 0.051696284329563816 0.02907915993537964
0 0.6332794830371568 0.09773828756058159 0.054568300125650636 0.03069466882067852
0 0.20678513731825526 0.2269789983844911 0.05744031592173755 0.030694668820678502
0 0.6404595225273739 0.8142164781906299 0.040208221145216286 0.03877221324717283
0 0.5399389696643331 0.2778675282714055 0.04595225273739004 0.022617124394184174
0 0.6304074672410698 0.2689822294022617 0.037336205349129375 0.024232633279483017
0 0.39203015616585896 0.30048465266558966 0.054568300125650636 0.025848142164781932
0 0.20391312152216837 0.7940226171243941 0.051696284329563795 0.021001615508885293
0 0.24124932687129777 0.1260096930533118 0.051696284329563795 0.02907915993537964
0 0.19242505833782086 0.03796445880452343 0.04595225273739004 0.02746365105008078
0 0.5557350565428111 0.5395799676898223 0.037336205349129375 0.02907915993537962
