1 0.21109316101238554 0.6946688206785138 0.05456830012565067 0.019386106623586415
1 0.11057260814934482 0.7374798061389336 0.03159217375695569 0.03392568659127633
1 0.1637049003769521 0.6462035541195477 0.05744031592173757 0.019386106623586485
1 0.2010411057260815 0.13166397415185785 0.06892837910608506 0.01777059773828755
1 0.26709746903607967 0.2924071082390953 0.05744031592173755 0.01615508885298869
1 0.48537066953868246 0.13570274636510501 0.034464189553042604 0.025848142164781897
1 0.2872015796086878 0.17528271405492732 0.051696284329563795 0.01777059773828757
1 0.8285765571710645 0.39256865912762523 0.06031233171782446 0.019386106623586485
1 0.5815831987075929 0.6211631663974151 0.0718003949021719 0.014539579967689847
1 0.6418955304254174 0.8231017770597738 0.04308023694130306 0.017770597738287677
1 0.7754442649434572 0.3990306946688207 0.04595225273739018 0.012924071082390895
1 0.8199605097828038 0.648626817447496 0.06605636330999815 0.011308562197092158
1 0.6246634356488961 0.654281098546042 0.037336205349129445 0.02584814216478179
1 0.3590019745108598 0.7350565428109854 0.06318434751391137 0.016155088852988653
1 0.1795009872554299 0.505654281098546 0.04882426853347693 0.012924071082390966
1 0.22401723209477653 0.5266558966074314 0.07467241069825882 0.012924071082390966
1 0.4982947406210734 0.6987075928917609 0.060312331717824394 0.014539579967689918
0 0.34607790342846884 0.8667205169628432 0.03159217375695562 0.011308562197092158
0 0.31017770597738287 0.6631663974151857 0.040208221145216286 0.021001615508885293
0 0.36043798240890323 0.6284329563812602 0.037336205349129375 0.019386106623586415
0 0.34176987973433853 0.5953150242326334 0.03446418955304253 0.017770597738287607
0 0.45808651947585716 0.3247172859450727 0.048824268533476885 0.019386106623586415
0 0.4135702746365105 0.41033925686591277 0.04595225273739004 0.022617124394184174
0 0.3747980613893377 0.36025848142164774 0.037336205349129375 0.022617124394184104
0 0.7050798779393287 0.36429725363489496 0.031592173756955756 0.021001615508885293
0 0.5385029617662898 0.22374798061389334 0.025848142164781932 0.01777059773828757
0 0.5973792855860707 0.18820678513731826 0.040208221145216286 0.021001615508885293
0 0.627535451444983 0.47576736672051695 0.03159217375695569 0.027463651050080813
0 0.44372644049542276 0.7697899838449112 0.043080236941303196 0.027463651050080813
0 0.2369413031771675 0.6340872374798061 0.037336205349129445 0.024232633279482982
0 0.22832525578890686 0.26009693053311794 0.037336205349129445 0.022617124394184174
0 0.673487704182373 0.21809369951534735 0.048824268533476954 0.01938610662358645
0 0.670615688386286 0.33279483037156704 0.0373362053491293 0.022617124394184174
0 0.7007718542451983 0.5428109854604201 0.040208221145216355 0.025848142164781932
0 0.30586968228325256 0.7003231017770597 0.04308023694130313 0.024232633279483055
0 0.532758930174116 0.789983844911147 0.04308023694130313 0.022617124394184174
1 0.7022078621432419 0.598546042003231 0.05456830012565078 0.024232633279483055
