1 0.48760936252566234 0.4323723301307054 0.03761174146203459 0.015111860408853204
1 0.3814905205434934 0.3692803129237434 0.03761174146203459 0.01586745342929582
1 0.44865434458284087 0.56724568427972 0.034925188500460606 0.00831152322486922
1 0.820070291520432 0.5766905970352532 0.0389550179428214 0.01208948832708252
1 0.783130188298791 0.4931975682763394 0.03223863553888691 0.008311523224869291
1 0.8173837385588582 0.4667518125608464 0.03089535905809967 0.006800337183983984
1 0.5164898068625817 0.3995040337414498 0.022835700173378087 0.024934569674607658
1 0.7965629531066605 0.6131637360892174 0.02149242369259113 0.02040101155195174
1 0.5910416515462573 0.5587610386173459 0.034925188500460676 0.012845081347525138
1 0.4667885770734646 0.5206035910849917 0.02014914721180432 0.018134232490623816
1 0.33917731139870455 0.4552447948167018 0.028208806096525905 0.017378639470181055
1 0.22298389581063344 0.5062473236965812 0.040298294423608425 0.010578302286197144
1 0.15246188056931864 0.43106581816253664 0.017462594250230303 0.017378639470181197
1 0.32775946131201544 0.27050230131847175 0.034925188500460676 0.013600674367967826
1 0.5003704890931383 0.6188306837425374 0.038955017942821545 0.01208948832708252
1 0.875144627232697 0.5659391723115512 0.03626846498124749 0.01662304644973844
1 0.720667831942198 0.5935183175577081 0.03358191201967358 0.014356267388410586
0 0.46141547115031684 0.6800337183983928 0.014776041288656429 0.010578302286197215
0 0.49029591548723617 0.6781447358472861 0.02686552961573888 0.01284508134752528
0 0.6353697754122266 0.5848289978226177 0.02686552961573895 0.013600674367967969
0 0.2552225313495202 0.526648335248533 0.02149242369259117 0.013600674367967826
1 0.3008939316962765 0.5100252887987945 0.037611741462034554 0.009067116245311979
0 0.3210430789080807 0.3596622777307054 0.021492423692591203 0.013600674367967898
0 0.5218629127857295 0.3211270336881299 0.020149147211804247 0.009067116245311873
0 0.5420120599975338 0.4095314170799209 0.02014914721180432 0.012089488327082449
0 0.2982073787347026 0.3883748125075265 0.016119317769443385 0.010578302286197215
0 0.42649028264985617 0.40084209734483034 0.02283570017337823 0.01284508134752528
0 0.6790262610378025 0.4374883588362994 0.020149147211804178 0.01208948832708252
0 0.6454443490181287 0.4926466493286133 0.022835700173378087 0.015111860408853204
0 0.7341005967500673 0.4276656495705447 0.022835700173378087 0.015111860408853204
0 0.706563428893935 0.4537336087758165 0.02686552961573895 0.01586745342929582
0 0.6575338373452113 0.4480666611224966 0.022835700173378087 0.01208948832708252
0 0.6219370106043571 0.33019414993344176 0.02417897665416518 0.01208948832708259
0 0.502408504577839 0.4771825021003467 0.01961681796616283 0.014712613474622388
0 0.2702761586449112 0.46614804199438 0.030515050169586787 0.014712613474622245
0 0.4163124701707906 0.26017145334966946 0.017437171525478235 0.012260511228851847
0 0.49260009559475754 0.25649329998101394 0.026155757288217243 0.012260511228851847
0 0.5688877210187244 0.31963493280960076 0.030515050169586787 0.018390766843277718
0 0.5922275065969123 0.5108957680344072 0.021069192036703797 0.014427816286003647
1 0.64764864217172 0.3717703967050861 0.02931365848584875 0.005152791530715604
1 0.6632215232423272 0.3825912589195889 0.02931365848584875 0.0061833498368586955
