1 0.23837731107521093 0.654281098546042 0.09190450547478012 0.03231017770597731
1 0.24555735056542807 0.12035541195476576 0.09477652127086703 0.03069466882067852
1 0.46383055106803084 0.06138933764135703 0.07180039490217198 0.019386106623586433
1 0.6835397594686771 0.2560581583198708 0.07467241069825889 0.024232633279483055
1 0.34464189553042535 0.8828756058158319 0.06318434751391135 0.04361873990306947
1 0.5140908274995512 0.6211631663974151 0.08616047388260632 0.030694668820678502
1 0.6375875067312871 0.5306946688206785 0.06318434751391137 0.046849757673667225
1 0.7223119727158499 0.5581583198707593 0.06605636330999828 0.02746365105008074
1 0.8070364387004128 0.5993537964458805 0.040208221145216355 0.042003231017770586
1 0.6806677436725903 0.6211631663974152 0.06318434751391137 0.024232633279483055
1 0.7754442649434572 0.708400646203554 0.06318434751391137 0.040387722132471854
1 0.6878477831628074 0.9547657512116317 0.06605636330999828 0.04846526655896611
1 0.8572967151319333 0.19709208400646205 0.06605636330999815 0.01615508885298869
1 0.1392927661102136 0.5250403877221325 0.07754442649434573 0.03554119547657514
1 0.22976126368695027 0.16639741518578352 0.05744031592173755 0.03231017770597736
0 0.46670256686411776 0.9596122778675283 0.05456830012565078 0.03554119547657507
0 0.5169628432956381 0.777059773828756 0.040208221145216355 0.03554119547657507
0 0.5385029617662898 0.3408723747980613 0.043080236941303196 0.03231017770597738
0 0.19242505833782086 0.936995153473344 0.04595225273739004 0.025848142164781932
0 0.5241428827858553 0.0936995153473344 0.037336205349129375 0.025848142164781897
0 0.5298869143780292 0.058966074313408716 0.054568300125650566 0.024232633279483044
0 0.6519475857117214 0.2019386106623586 0.05169628432956394 0.0355411954765751
0 0.7955483755160654 0.19466882067851374 0.0459522527373899 0.02746365105008078
0 0.17088493986716927 0.8021001615508885 0.04882426853347693 0.024232633279482912
0 0.38197810087955486 0.172859450726979 0.051696284329563795 0.02907915993537962
0 0.6174833961586789 0.6195476575121163 0.040208221145216355 0.03392568659127626
0 0.6978998384491115 0.6623586429725364 0.04595225273739004 0.029079159935379694
0 0.6849757673667205 0.7907915993537964 0.06605636330999815 0.027463651050080813
0 0.6059953329743313 0.29967689822294025 0.04595225273739004 0.027463651050080813
0 0.17375695566325614 0.06462035541195477 0.08328845808651948 0.03231017770597738
0 0.39203015616585885 0.5193861066235864 0.06031233171782446 0.02746365105008074
