1 0.5048630107137414 0.41974433848060144 0.04761309694536095 0.013852948464706217
1 0.38254660649203814 0.34770900646412856 0.04268760415790986 0.010158828874117986
1 0.45889174469753086 0.5762826561317828 0.04104577322875947 0.011082358771765116
1 0.5385205447613242 0.38372667247236497 0.03612028044130838 0.019394127850588916
1 0.4219505487916473 0.5268738066076635 0.039403942299609016 0.010158828874117986
1 0.28732041260131624 0.5111737983476631 0.039403942299609085 0.010158828874117986
1 0.23888640019138008 0.33985900233412836 0.037762111370458734 0.01292941856705923
1 0.199482457891771 0.5056326189617806 0.03776211137045877 0.010158828874118057
1 0.6542696252664258 0.561967942718253 0.03776211137045862 0.01200588866941196
1 0.48105646224106097 0.525488511761193 0.019701971149804508 0.024011777338824345
1 0.8463638439770199 0.49224143544589777 0.03119478765385722 0.011082358771765116
1 0.7552422274091741 0.25905013629000817 0.042687604157909786 0.0083117690788238
1 0.6509859634081252 0.31677075489295115 0.027911125795556446 0.014776478362353416
1 0.6879271593140086 0.4589943591306026 0.016418309291503876 0.01662353815764753
1 0.8151690563231628 0.46592083336295587 0.01806014022065412 0.01754706805529473
1 0.8833050398829037 0.46084141892589686 0.03612028044130838 0.007388239181176743
1 0.3595609734839329 0.4968590849341332 0.0459712660162107 0.014776478362353344
1 0.5820290643838092 0.2627442558805965 0.027911125795556446 0.021241187645883067
1 0.11410724957595134 0.4192825735317779 0.027911125795556446 0.018470597952941717
1 0.706808214999238 0.362485484826482 0.03776211137045862 0.013852948464706288
0 0.44083160447687675 0.6880297737470805 0.04104577322875947 0.018470597952941717
0 0.46135449109125637 0.6109150272935486 0.022985633008105282 0.015700008260000543
0 0.3300080167592261 0.5744355963364886 0.022985633008105282 0.014776478362353487
0 0.6468813860852493 0.3449384167711873 0.022985633008105282 0.013852948464706288
0 0.5598643468402791 0.43313552199648425 0.019701971149804577 0.01662353815764753
0 0.38583026835033896 0.6178415015259018 0.026269294866406057 0.0166235381576476
0 0.4367270271540007 0.38465020237001213 0.022985633008105282 0.019394127850588846
0 0.34970998790903063 0.7217386150111992 0.026269294866406057 0.0157000082600004
0 0.568073501486031 0.5605826478717824 0.026269294866406057 0.014776478362353273
0 0.6000892046044634 0.28952662291236203 0.0377621113704587 0.01570000826000051
0 0.4375479426185759 0.3015325115817742 0.024627463937255668 0.013852948464706288
0 0.5409832911550497 0.32508252397177495 0.021343802078954893 0.01108235877176508
0 0.4211296333270721 0.472847307595309 0.021343802078954824 0.014776478362353344
0 0.7577049738028997 0.4456031756147199 0.031194787653857362 0.012005888669412101
0 0.7445703263696966 0.488085550906486 0.027911125795556303 0.012005888669412173
0 0.5787454025255084 0.6931091881841394 0.027911125795556446 0.017547068055294518
0 0.6871062438494334 0.4913179055482507 0.03119478765385722 0.016623538157647458
0 0.5122512498949181 0.4867002560600153 0.022985633008105282 0.0166235381576476
0 0.4260551261145233 0.5070179138082512 0.02462746393725574 0.01662353815764753
0 0.38008386009831263 0.5176385076311927 0.03447844951215799 0.0157000082600004
0 0.28567858167216587 0.5836708953129595 0.019701971149804542 0.01292941856705923
0 0.5344159674384482 0.30615016107000964 0.021343802078954893 0.012005888669412173
