1 0.23550529527912403 0.667205169628433 0.09764853706695387 0.025848142164781932
1 0.35038592712259914 0.8982229402261711 0.09190450547478005 0.03877221324717297
1 0.6878477831628074 0.9741518578352181 0.06605636330999828 0.04523424878836835
1 0.6878477831628075 0.2730210016155089 0.094776521270867 0.029079159935379656
1 0.2383773110752109 0.18174474959612275 0.04595225273739004 0.03715670436187399
1 0.1392927661102136 0.537156704361874 0.07754442649434573 0.027463651050080813
1 0.5126548196015078 0.6348949919224556 0.07180039490217198 0.02907915993537962
1 0.6404595225273739 0.5395799676898223 0.06892837910608506 0.0387722132471729
1 0.7136959253275893 0.5735056542810986 0.06031233171782446 0.03554119547657514
1 0.7955483755160654 0.6114701130856219 0.06892837910608521 0.03392568659127626
1 0.7768802728415005 0.7197092084006462 0.06605636330999815 0.03069466882067857
1 0.7811882965356309 0.8602584814216478 0.051696284329563864 0.05008077544426484
1 0.2498653742595584 0.13651050080775445 0.10339256865912766 0.024232633279483037
1 0.46670256686411776 0.07996768982229402 0.094776521270867 0.024232633279483037
1 0.6548196015078084 0.016962843295638127 0.040208221145216286 0.033925686591276254
1 0.8802728415006282 0.06704361873990307 0.05456830012565078 0.02746365105008078
1 0.8529886914378028 0.20840064620355414 0.05744031592173755 0.01615508885298869
0 0.44516244839346614 0.6389337641357028 0.051696284329563795 0.03392568659127626
0 0.39490217196194577 0.5331179321486268 0.048824268533476954 0.03231017770597738
0 0.5341949380721595 0.4176090468497577 0.05744031592173748 0.030694668820678502
0 0.5212708669897684 0.22617124394184165 0.054568300125650636 0.03554119547657514
0 0.22114521629868963 0.7689822294022618 0.06318434751391137 0.03554119547657507
0 0.6821037515706336 0.8069466882067852 0.06031233171782446 0.02746365105008067
0 0.8860168730928021 0.7326332794830371 0.0373362053491293 0.02746365105008067
0 0.46239454316998746 0.9741518578352182 0.040208221145216286 0.022617124394184174
0 0.17662897145934303 0.021809369951534735 0.07754442649434572 0.02746365105008078
0 0.6189194040567223 0.06704361873990307 0.054568300125650705 0.030694668820678502
0 0.5270148985819422 0.10743134087237478 0.054568300125650705 0.02746365105008078
0 0.6490755699156345 0.21486268174474957 0.040208221145216425 0.025848142164781932
0 0.5356309459702028 0.35137318255250405 0.054568300125650636 0.03392568659127626
0 0.40782624304433673 0.36591276252019383 0.04595225273739004 0.027463651050080813
0 0.24555735056542813 0.32310177705977383 0.048824268533476954 0.025848142164781897
0 0.8242685334769341 0.40226171243941833 0.08041644229043271 0.0387722132471729
0 0.624663435648896 0.6292407108239095 0.05456830012565078 0.04038772213247171
0 0.5212708669897684 0.7964458804523425 0.06031233171782446 0.025848142164781932
0 0.38628612457368516 0.18497576736672053 0.06031233171782446 0.030694668820678537
0 0.13354873451803984 0.22213247172859452 0.06031233171782443 0.030694668820678502
