1 0.2168371926045593 0.5815831987075929 0.09477652127086696 0.029079159935379694
1 0.13354873451803984 0.45072697899838443 0.07180039490217192 0.022617124394184184
1 0.5040387722132472 0.5508885298869144 0.07180039490217198 0.025848142164781932
1 0.34176987973433853 0.8045234248788369 0.08041644229043264 0.03877221324717283
1 0.6088673487704183 0.9563812600969306 0.08041644229043257 0.029079159935379552
1 0.6691796804882426 0.8764135702746364 0.05744031592173755 0.05008077544426484
1 0.7567761622688924 0.6348949919224556 0.07180039490217183 0.03877221324717283
1 0.709387901633459 0.4830371567043619 0.06318434751391123 0.03231017770597738
1 0.7854963202297612 0.5306946688206785 0.06031233171782446 0.037156704361873946
1 0.6260994435469395 0.46445880452342486 0.05744031592173755 0.05008077544426499
1 0.22976126368695027 0.04038772213247173 0.09764853706695387 0.02261712439418417
1 0.21540118470651584 0.08966074313408724 0.05169628432956383 0.03069466882067851
1 0.6749237120804165 0.18497576736672053 0.07467241069825889 0.01777059773828757
1 0.8415006282534554 0.11793214862681743 0.07467241069825875 0.022617124394184174
0 0.18524501884760367 0.8610662358642972 0.043080236941303196 0.029079159935379694
0 0.248429366361515 0.8651050080775444 0.054568300125650705 0.02746365105008067
0 0.43511039310716215 0.5525040387722132 0.03159217375695569 0.022617124394184174
0 0.5255788906838987 0.33279483037156704 0.06892837910608506 0.025848142164781897
0 0.4523424878836833 0.8861066235864297 0.048824268533476954 0.024232633279482912
0 0.5916352539938969 0.22294022617124395 0.040208221145216286 0.022617124394184174
0 0.6663076646921559 0.7180936995153473 0.0459522527373899 0.024232633279482912
0 0.6418955304254174 0.12035541195476576 0.037336205349129445 0.03069466882067852
0 0.2053491294202118 0.6809369951534734 0.048824268533476954 0.027463651050080813
0 0.13498474241608327 0.5702746365105008 0.0402082211452163 0.022617124394184174
0 0.2556094058517322 0.2867528271405493 0.04020822114521632 0.01453957996768981
0 0.5255788906838988 0.26252019386106623 0.02297612636869509 0.021001615508885293
0 0.732364028002154 0.9022617124394184 0.04595225273739004 0.03069466882067857
0 0.8458086519475857 0.19870759289176088 0.04308023694130327 0.022617124394184174
0 0.5140908274995514 0.015347334410339258 0.04595225273739011 0.030694668820678516
0 0.3661820140010769 0.0936995153473344 0.060312331717824394 0.03231017770597737
0 0.6103033566684616 0.18659127625201935 0.03159217375695562 0.021001615508885293
