1 0.24555735056542813 0.8287560581583199 0.08328845808651948 0.029079159935379694
1 0.5284509064799856 0.7924071082390952 0.07467241069825875 0.03392568659127633
1 0.8070364387004128 0.7705977382875605 0.05744031592173755 0.03231017770597745
1 0.6476395620175911 0.7051696284329563 0.054568300125650705 0.03392568659127633
1 0.6691796804882426 0.19063004846526652 0.051696284329563726 0.05169628432956383
1 0.693591814754981 0.4361873990306947 0.0775444264943458 0.02907915993537962
1 0.614611380362592 0.1373182552504039 0.09190450547478007 0.019386106623586433
1 0.27140549273021003 0.308562197092084 0.094776521270867 0.019386106623586415
1 0.8845808651947585 0.23505654281098542 0.04595225273739004 0.030694668820678537
1 0.8185245018847602 0.24878836833602583 0.06892837910608506 0.01615508885298869
1 0.37192604559325076 0.5145395799676898 0.07180039490217198 0.017770597738287534
1 0.17375695566325614 0.858642972536349 0.05456830012565069 0.03392568659127633
1 0.7338000359001975 0.7302100161550888 0.06605636330999815 0.019386106623586558
1 0.8788368336025849 0.6155088852988692 0.028720157960868846 0.03231017770597738
0 0.4063902351462933 0.6890145395799676 0.06031233171782446 0.037156704361873946
0 0.5514270328486807 0.5767366720516963 0.05744031592173762 0.0387722132471729
0 0.5499910249506372 0.512924071082391 0.054568300125650705 0.027463651050080813
0 0.22976126368695027 0.9305331179321488 0.04595225273739008 0.029079159935379694
0 0.34033387183629515 0.9264943457189014 0.048824268533476954 0.03069466882067857
0 0.5313229222760725 0.39176090468497576 0.05744031592173748 0.030694668820678502
0 0.40064620355411956 0.35460420032310175 0.054568300125650636 0.03069466882067857
0 0.6562556094058517 0.37964458804523415 0.043080236941303196 0.02907915993537962
0 0.34464189553042535 0.22536348949919222 0.06318434751391135 0.03715670436187399
0 0.19673308203195117 0.19870759289176088 0.06605636330999821 0.03231017770597738
0 0.19529707413390773 0.2544426494345719 0.051696284329563795 0.02746365105008078
0 0.2670974690360797 0.1421647819063005 0.05169628432956383 0.03231017770597738
0 0.26996948483216654 0.05573505654281099 0.05744031592173755 0.03715670436187399
0 0.5413749775623765 0.2479806138933764 0.048824268533476885 0.021001615508885293
0 0.5945072697899839 0.3966074313408724 0.040208221145216286 0.030694668820678502
0 0.6390235146293304 0.7907915993537964 0.04882426853347681 0.027463651050080813
0 0.6088673487704183 0.6219709208400647 0.051696284329563864 0.03877221324717297
0 0.3877221324717286 0.27221324717285944 0.04595225273738997 0.02746365105008078
0 0.26566146113803624 0.4903069466882068 0.03733620534912941 0.021001615508885293
0 0.5413749775623766 0.2802907915993538 0.054568300125650705 0.024232633279483017
0 0.6304074672410698 0.06623586429725363 0.04882426853347681 0.02907915993537964
