1 0.46751108494821286 0.7839264535824015 0.07074180890663741 0.022491281636077644
1 0.21068756130889862 0.8206910485644515 0.030757308220277155 0.030276725279335323
1 0.19761570531528086 0.6762278165173373 0.056901020207512726 0.019896133754991753
1 0.5390218265603572 0.5283043872954418 0.0692039434956235 0.018166035167601322
1 0.5966917794733768 0.47034608461785715 0.03383303904230488 0.032006823866725966
1 0.34832651559463884 0.41930817628983474 0.050749558563457316 0.019896133754991822
1 0.4682800176537196 0.2214526191859955 0.05997675102954048 0.02595147881085886
1 0.2545167255227934 0.24178127758783488 0.06612821267359592 0.02335633092977293
1 0.6874258387231944 0.20242153472469898 0.04613596233041577 0.032871873160421144
1 0.561320875020058 0.15095110174982895 0.043060231508387975 0.03027672527933534
1 0.6289869531046678 0.171712284798516 0.03998450068636032 0.026816528104554146
1 0.5060426933219326 0.7003855749285987 0.02266857914749103 0.03600303746954452
1 0.7867330410011604 0.7581404475359932 0.05067094162380343 0.016501392173541376
1 0.2686893351893794 0.5709996590224228 0.044003712462776755 0.027752341382773906
1 0.5953835640796917 0.5649991527774987 0.03600303746954467 0.02775234138277398
1 0.7153936889781738 0.8475715070955298 0.049337495791598227 0.01950164529600329
1 0.6093847453178479 0.6206773647093371 0.04267026663057138 0.01425120233169487
1 0.6692850940814883 0.29098634921308925 0.045568346831080075 0.03684628044544361
0 0.4343233057337318 0.4768197636335876 0.05980845521579248 0.03364225605888322
0 0.3560027096178129 0.854093635151065 0.0398723034771951 0.03204024386560306
0 0.43147528405678925 0.8925419277897885 0.04841636850802253 0.028836219479043024
0 0.6436528989890057 0.7579729035542553 0.03987230347719496 0.02242817070592224
0 0.3574267204562841 0.6185978427388815 0.04841636850802253 0.02242817070592231
0 0.2050575607398602 0.5681344586505566 0.056960433538850025 0.02723420728576265
0 0.3730908396794679 0.13959619694811434 0.045568346831080006 0.03204024386560315
0 0.639380866473592 0.48883485508318875 0.03702428180025258 0.0320402438656032
0 0.5510921944883743 0.2212988188054024 0.031328238446367535 0.0320402438656032
0 0.41153913231819167 0.22209982490204247 0.04272032515413755 0.03684628044544361
0 0.6066286171887532 0.3334396723350135 0.0398723034771951 0.028836219479042812
0 0.7404856360050508 0.15161128839771554 0.03987230347719503 0.027234207285762667
0 0.4841636850802255 0.050684520221065565 0.045568346831080075 0.02723420728576269
0 0.435747316572203 0.6530411048944049 0.03417626012330999 0.020826158512642082
0 0.6080526280272244 0.25333906267100553 0.03132823844636768 0.02563219509248249
0 0.7817819503207172 0.349459794267815 0.04841636850802274 0.01922414631936192
0 0.8914307848830034 0.5409002513647939 0.03987230347719503 0.03364225605888336
0 0.6607410290506607 0.7171215926256113 0.03417626012330999 0.02723420728576258
0 0.14240108384712516 0.5881596110665587 0.02848021676942503 0.02563219509248249
0 0.1637612464241939 0.49364089166302927 0.04272032515413754 0.02242817070592224
0 0.6920692674970284 0.329434641851813 0.04556834683108022 0.02082615851264201
