1 0.4556448479551352 0.5904298422455285 0.06679610336515068 0.013418860051034756
1 0.4878501120776185 0.5320578010235275 0.02624132632202354 0.028179606107173003
1 0.514091438399642 0.39988202952083524 0.05486822776423089 0.013418860051034756
1 0.3017752527032701 0.43410012265097386 0.0453259272834951 0.02817960610717293
1 0.6955193235771097 0.5749773860148832 0.038110647867238896 0.010718619712660953
1 0.41445329555622296 0.5309544836235972 0.04491612070067433 0.014546698181468613
1 0.5560071304916816 0.35409725836469164 0.031305175033803465 0.02832778066917534
1 0.3668149857221743 0.3131368187484517 0.047638309834048584 0.01990600803779884
1 0.2871909535709788 0.17417757033074022 0.04899940440073568 0.01914039234403738
1 0.4573277744068666 0.15427156229294134 0.04083283700061308 0.01914039234403738
1 0.626784047959411 0.14163890334587667 0.03402736416717758 0.03062462775045981
1 0.7635740519114649 0.33189440324560837 0.046277215267361525 0.011484235406422414
1 0.7404354442777842 0.3158164736766169 0.04083283700061315 0.013015466793945408
1 0.5663661346882495 0.4710907458876584 0.03734282206735706 0.01166963189604914
1 0.6431213892378778 0.6389574859022181 0.031956342322379004 0.014979535463615221
0 0.6634356488960688 0.5137318255250404 0.03446418955304253 0.022617124394184174
0 0.5901992460958536 0.37075928917609047 0.03159217375695569 0.017770597738287607
0 0.5643511039310717 0.24717285945072695 0.037336205349129375 0.01615508885298869
0 0.36761802189912046 0.5218093699515347 0.040208221145216286 0.016155088852988653
0 0.36905402979716384 0.6397415185783522 0.03159217375695569 0.012924071082390895
0 0.7251839885119368 0.6147011308562198 0.02010411057260825 0.024232633279483124
0 0.5169628432956381 0.745557350565428 0.03446418955304253 0.017770597738287534
0 0.5643511039310717 0.1825525040387722 0.025848142164781863 0.019386106623586415
0 0.5212708669897685 0.15589660743134087 0.03159217375695569 0.024232633279483037
0 0.20247711362412496 0.4983844911147011 0.03733620534912941 0.024232633279483055
0 0.20391312152216837 0.449919224555735 0.03446418955304253 0.011308562197092087
1 0.1421647819063005 0.5064620355411955 0.048824268533476954 0.014539579967689847
1 0.2513013821576019 0.5137318255250404 0.048824268533476954 0.012924071082390966
0 0.4308023694130318 0.36025848142164774 0.028720157960868704 0.022617124394184104
0 0.5930712618919405 0.5751211631663974 0.025848142164781932 0.025848142164781932
0 0.6318434751391133 0.24071082390953152 0.03446418955304253 0.025848142164781897
0 0.24699335846347154 0.5993537964458805 0.028720157960868777 0.025848142164781932
0 0.5844552145036798 0.6550888529886915 0.037336205349129514 0.02100161550888515
0 0.4078262430443367 0.15751211631663975 0.040208221145216286 0.030694668820678502
0 0.3259737928558607 0.7689822294022616 0.037336205349129375 0.016155088852988653
0 0.6045593250762878 0.5428109854604201 0.037336205349129375 0.022617124394184174
