1 0.3503859271225992 0.42810985460420026 0.06318434751391137 0.02907915993537962
1 0.5456830012565069 0.5371567043618739 0.07467241069825882 0.011308562197092087
1 0.26853347693412316 0.5807754442649434 0.037336205349129445 0.02746365105008074
1 0.4638305510680309 0.7940226171243941 0.0775444264943458 0.014539579967689776
1 0.716567941123676 0.8602584814216478 0.05456830012565078 0.017770597738287534
1 0.47531861425237837 0.22617124394184165 0.06031233171782453 0.022617124394184174
1 0.2513013821576019 0.25040387722132473 0.06605636330999821 0.025848142164781932
1 0.5700951355232453 0.1591276252019386 0.054568300125650636 0.033925686591276226
1 0.6677436725901993 0.29806138933764137 0.04308023694130313 0.030694668820678537
1 0.6896953139720281 0.2118789041935045 0.04685828035478749 0.03459458979318292
1 0.8375917613418261 0.43202053206010604 0.0644301354878327 0.014002572059145492
1 0.8639495440413916 0.44931782695669653 0.06735877801001197 0.014002572059147149
1 0.8170884939867175 0.616316639741518 0.06031233171782515 0.024232633279482944
1 0.4063902351462933 0.7092084006462035 0.07180039490217198 0.02261712439418403
1 0.5959432776880272 0.4789983844911147 0.06605636330999821 0.04038772213247171
1 0.5083467959073775 0.7116316639741518 0.03446418955304253 0.037156704361873946
1 0.19673308203195117 0.6882067851373183 0.06605636330999821 0.022617124394184174
0 0.35612995871477293 0.8667205169628432 0.040208221145216286 0.03392568659127619
0 0.41931430622868426 0.6785137318255249 0.040208221145216216 0.022617124394184174
0 0.402082211452163 0.518578352180937 0.040208221145216216 0.025848142164781863
0 0.555735056542811 0.22859450726979 0.048824268533477024 0.02746365105008078
0 0.4150062825345539 0.23021001615508888 0.043080236941303196 0.024232633279483017
0 0.6074313408723748 0.33925686591276244 0.06031233171782446 0.022617124394184104
0 0.16083288458086517 0.5 0.040208221145216286 0.024232633279483055
0 0.19816908992999457 0.5799676898222941 0.0689283791060851 0.022617124394184174
0 0.14216478190630047 0.6042003231017771 0.04308023694130316 0.022617124394184174
0 0.330281816549991 0.14297253634894994 0.04595225273739004 0.024232633279483037
0 0.7467241069825884 0.15751211631663975 0.051696284329563864 0.02746365105008076
0 0.663435648896069 0.7269789983844912 0.04595225273739004 0.03554119547657507
0 0.6964638305510681 0.3319870759289176 0.04308023694130313 0.024232633279483017
0 0.8285765571710644 0.3739903069466882 0.03159217375695562 0.030694668820678502
0 0.24124932687129777 0.33360258481421645 0.05744031592173759 0.021001615508885293
0 0.5227068748878119 0.4135702746365105 0.040208221145216216 0.022617124394184174
0 0.663435648896069 0.5379644588045235 0.04595225273739004 0.025848142164781932
0 0.8386286124573685 0.654281098546042 0.051696284329563864 0.022617124394184174
0 0.1866810267456471 0.24313408723747978 0.03446418955304253 0.021001615508885293
