1 0.5988152934841142 0.5710823909531503 0.07754442649434573 0.014539579967689847
1 0.6390235146293304 0.6090468497576736 0.03159217375695562 0.03231017770597731
1 0.7266199964099802 0.5428109854604201 0.06318434751391123 0.025848142164781932
1 0.18380901094956023 0.654281098546042 0.0689283791060851 0.016155088852988653
1 0.16370490037695207 0.7067851373182552 0.034464189553042514 0.03069466882067857
1 0.34894991922455576 0.7003231017770597 0.06605636330999821 0.014539579967689776
1 0.8774008257045414 0.32148626817447495 0.06031233171782446 0.02261712439418414
1 0.8113444623945432 0.327140549273021 0.06605636330999815 0.01453957996768981
1 0.29294561120086166 0.28109854604200324 0.0804164422904326 0.01938610662358645
1 0.1938610662358643 0.47011308562197096 0.06605636330999819 0.022617124394184174
1 0.15221683719260454 0.44426494345718903 0.05744031592173753 0.016155088852988653
1 0.3834141087775983 0.4781906300484653 0.054568300125650636 0.022617124394184174
1 0.24699335846347154 0.20920840064620352 0.0631843475139113 0.011308562197092087
1 0.49111470113085626 0.028271405492730207 0.04595225273739004 0.024232633279483037
1 0.7553401543708489 0.13408723747980614 0.06318434751391137 0.01615508885298869
1 0.827140549273021 0.3893376413570275 0.040208221145216216 0.012924071082390966
0 0.402082211452163 0.635702746365105 0.05744031592173755 0.024232633279482982
0 0.3029976664871657 0.6203554119547657 0.05456830012565067 0.025848142164781932
0 0.26278944534194937 0.5379644588045235 0.043080236941303196 0.025848142164781932
0 0.4566505115778136 0.24313408723747978 0.040208221145216286 0.024232633279483055
0 0.6950278226530245 0.2520193861066236 0.040208221145216216 0.025848142164781897
0 0.565787111829115 0.1680129240710824 0.03446418955304253 0.019386106623586415
0 0.6117393645665051 0.5242326332794831 0.03446418955304253 0.024232633279483055
0 0.6476395620175911 0.4135702746365105 0.037336205349129514 0.022617124394184174
0 0.7251839885119368 0.4846526655896607 0.037336205349129445 0.022617124394184174
0 0.36474600610303354 0.2827140549273021 0.040208221145216355 0.03231017770597738
0 0.4092622509423802 0.33844911147011303 0.048824268533476954 0.024232633279482982
0 0.35182193502064263 0.5161550888529888 0.043080236941303196 0.021001615508885293
0 0.18811703464369053 0.8667205169628432 0.04308023694130316 0.021001615508885435
0 0.29150960330281817 0.6599353796445879 0.03733620534912941 0.024232633279483055
0 0.6763597199784599 0.1777059773828756 0.04308023694130327 0.025848142164781932
0 0.1637049003769521 0.5702746365105008 0.0402082211452163 0.03554119547657514
0 0.7438520911865015 0.7463651050080776 0.03446418955304253 0.022617124394184174
0 0.8242685334769342 0.41437802907915994 0.03446418955304253 0.02746365105008074
0 0.86016873092802 0.2875605815831987 0.0373362053491293 0.025848142164781932
0 0.7668282175551966 0.2972536348949919 0.03446418955304253 0.022617124394184174
0 0.44516244839346614 0.734248788368336 0.04595225273739011 0.024232633279482912
