1 0.6519475857117214 0.9612277867528272 0.04595225273739011 0.03231017770597731
1 0.20025411776746985 0.9591341887579177 0.06147335708210701 0.014669778394593748
1 0.7292975544740878 0.9842823802915066 0.04657072506220231 0.02305250890579018
1 0.690178145421838 0.7102718767067739 0.061473357082106904 0.019908984964091447
1 0.31388668691924343 0.5986767767764718 0.08010164710698789 0.016765461022392857
1 0.12108388516172595 0.5426172664828458 0.05961052807961893 0.019908984964091374
1 0.6165963998235583 0.4493593895457857 0.06333618608459503 0.01571761970849323
1 0.6650299538882487 0.4970361693282153 0.022353948029857237 0.03772228730038386
1 0.7972908130649032 0.5441890284536951 0.05588487007464266 0.014669778394593748
1 0.13132944467541047 0.3180198387685139 0.05029638306717846 0.0157176197084933
1 0.24030494132096383 0.086446908396713 0.09314145012440463 0.0282917154752879
1 0.629636202840975 0.05343990700887713 0.0558848700746428 0.02305250890579014
1 0.8755296311694031 0.14303033934728882 0.07078750209454739 0.017813302336292372
1 0.8904322631893078 0.22580980314535337 0.0484335540646903 0.028291715475287908
0 0.2552075733408686 0.5045355926426341 0.07078750209454747 0.028291715475287874
0 0.3809485310088147 0.5254924189206251 0.05402204107215468 0.03457876335868527
0 0.2458934283284281 0.5511645311111641 0.04098223805473797 0.027243874161388248
0 0.42938208507350517 0.6360396775370277 0.04657072506220231 0.020956826277991
0 0.385605603515035 0.15717619708493274 0.04470789605971419 0.02514819153358923
0 0.32413224643292793 0.0885425910245121 0.04098223805473804 0.03038739810308699
0 0.6734126843994451 0.25410151862064123 0.04284506705722634 0.022004667591890587
0 0.2049111902736901 0.4023710645374278 0.04098223805473804 0.02305250890579018
0 0.15182056370277944 0.8585414226235605 0.04284506705722611 0.029339556789187357
0 0.12574095766794616 0.7961948644465372 0.05774769907713084 0.02410035021968966
0 0.5579172862451836 0.8449194855428663 0.03911940905224988 0.029339556789187357
0 0.5439460687265227 0.6688821448077417 0.04098223805473815 0.02724387416138839
0 0.2151567497873746 0.6751691926911392 0.0502963830671785 0.025148191533589142
0 0.77121120703007 0.7422310367807105 0.040982238054737934 0.035626604672584675
0 0.38374277451254685 0.9502275375897714 0.040982238054737934 0.022004667591890837
0 0.4163422820560885 0.5672415373594852 0.03911940905224995 0.02305250890579018
0 0.6663076646921559 0.3780290791599354 0.040208221145216355 0.029079159935379694
0 0.28145754801651407 0.3384491114701131 0.03446418955304253 0.021001615508885293
